SOC_LEM/input/hoffman_NDVI.txt
ncols         395
nrows         187
xllcorner     463163
yllcorner     4775989
cellsize      3
NODATA_value  -9999
[rows 64 to 79 of 187, columns 0 to 36 of 395]
-9.999000000000000000e+03 -3.543733844742761457e-02 -4.444068942210206014e-02 -4.578313253012047251e-02 -4.087858450274559075e-02 -3.713411970292699454e-02 -3.585448835383402838e-02 -2.766179540709810467e-02 -1.939487975174555151e-02 -1.699524133242686155e-02 -1.731782816029450028e-02 -1.588614926361080551e-02 -1.365131578947370930e-02 -1.716423981127464943e-02 -2.310336557678470751e-02 -2.466703443927810088e-02 -2.315032066322546267e-02 -2.284244172448747154e-02 -2.503128911138928839e-02 -2.345483359746433280e-02 -1.686708094584780590e-02 -1.117685733070344391e-02 -1.206423163324739020e-02 -1.718385051718386222e-02 -1.977072603422495856e-02 -1.836228287841192020e-02 -1.377500819940966764e-02 -8.374939603800904755e-03 -5.605115654851168007e-03 -7.275287491199222863e-03 -1.262052206631648736e-02 -2.095831710167509951e-02 -2.876325627527272222e-02 -2.709580838323357235e-02 -2.556902157848061491e-02 -3.142356036246713585e-02 -3.715529753265602031e-02
-9.999000000000000000e+03 -3.666245259165615278e-02 -5.031661817559470590e-02 -5.081175954365948350e-02 -4.282655246252677766e-02 -3.843403646764392834e-02 -3.639607493309548331e-02 -3.173758865248231531e-02 -2.997465699554310165e-02 -2.421370099095217221e-02 -1.729399796541194329e-02 -1.334222815210142805e-02 -9.273058453386363864e-03 -1.348019069538059465e-02 -2.275119423528458584e-02 -2.502789733779689149e-02 -1.839134896203331940e-02 -1.491834170854266020e-02 -1.767617251944380088e-02 -1.557780956922589707e-02 -9.957095442402620622e-03 -8.404746209624228831e-03 -1.258018828626179808e-02 -1.761709944059448515e-02 -1.966338943509415502e-02 -1.863560732113145671e-02 -1.520158625247853938e-02 -1.333333333333328562e-02 -1.390664961636831065e-02 -1.512152640329350421e-02 -1.860025220680959143e-02 -2.494543186778926461e-02 -3.027522935779812518e-02 -2.974312753492567435e-02 -2.911758168481881279e-02 -3.354037267080746398e-02 -3.590338724885762389e-02
-9.999000000000000000e+03 -4.196519959058342408e-02 -5.630397236614857054e-02 -5.478723404255315954e-02 -4.508900334327279463e-02 -4.258789416455230348e-02 -4.164403403947123522e-02 -3.921391868746058190e-02 -3.785714285714288085e-02 -2.757158006362678618e-02 -1.921745152354571717e-02 -1.633516716038927938e-02 -1.014845257066178570e-02 -1.132012651906113068e-02 -1.812218122181222940e-02 -1.996136509980682774e-02 -1.310043668122273450e-02 -9.305993690851702485e-03 -1.221530459453072474e-02 -1.103087056582814293e-02 -6.853180682093017867e-03 -6.820609746076070762e-03 -1.015989340439710752e-02 -1.336451720681593180e-02 -1.615589606928715879e-02 -1.810029890401860728e-02 -1.772903438608065818e-02 -1.840990550667963646e-02 -1.948470209339775092e-02 -1.917852005753556757e-02 -2.007458541617075654e-02 -2.436349392871137512e-02 -3.023309485345022571e-02 -3.290717906044331870e-02 -3.153018529587569424e-02 -3.134911853654934188e-02 -3.141246247345685222e-02
-9.999000000000000000e+03 -4.500302323572600433e-02 -5.410122164048870863e-02 -4.858878170775275673e-02 -4.015991277485001648e-02 -4.104341481211230130e-02 -4.369241995804069856e-02 -4.491208891318211605e-02 -4.215116279069760358e-02 -3.049932523616731214e-02 -2.342310729011316470e-02 -1.912357430752080825e-02 -1.171477079796260680e-02 -1.307189542483662946e-02 -1.767365392519524431e-02 -1.533247256294385449e-02 -5.825552629478944998e-03 -2.466778069547290869e-03 -9.856915739268718238e-03 -1.329935494146693674e-02 -8.640878623919859627e-03 -7.317273698922936893e-03 -7.089832346317507562e-03 -5.530417295123157828e-03 -7.596627431338223713e-03 -1.095435684647306541e-02 -1.356573213845270985e-02 -1.714471439018438667e-02 -1.895925776522791942e-02 -1.850957669402865727e-02 -1.817599487549044143e-02 -2.151898734177214861e-02 -2.755721625408692060e-02 -3.170470209833047698e-02 -2.999622213826977010e-02 -2.482428592791989172e-02 -2.363609335513600432e-02
-9.999000000000000000e+03 -4.429882044560944088e-02 -4.724827464165633900e-02 -4.103165298944901757e-02 -3.422401171303070255e-02 -3.391079985256179041e-02 -3.703019669406227427e-02 -4.253159885598304518e-02 -4.104546291183510526e-02 -3.116198782592892458e-02 -2.592232150756435330e-02 -2.071236675621804940e-02 -1.564771269773409731e-02 -1.805357292803762975e-02 -1.997533908754624277e-02 -1.372074253430188157e-02 -2.405580947798885102e-04 3.788184089626810309e-03 -8.886734529003037855e-03 -1.555411535968886233e-02 -1.032279206947399157e-02 -9.755291005291044648e-03 -6.764091858037629516e-03 1.680107526881714601e-04 7.542110114807649805e-04 -3.328340822100246763e-03 -8.150160533465023935e-03 -1.302507326603707591e-02 -1.675706306160448453e-02 -1.797862001943635601e-02 -1.826115061409179854e-02 -2.064660691421254732e-02 -2.532944054288643540e-02 -2.970604203831540141e-02 -2.962906542767914514e-02 -2.517850432168362504e-02 -2.399641175151377703e-02
-9.999000000000000000e+03 -3.984450923226435376e-02 -4.191295002686729054e-02 -3.728628592215346010e-02 -3.007380073800735437e-02 -2.748532563123085373e-02 -3.149827086643617463e-02 -4.025403941346784864e-02 -4.116717777158258873e-02 -3.281835633970194704e-02 -2.729218694256152489e-02 -2.093736311870346770e-02 -1.903695408734603842e-02 -2.151354087572766166e-02 -2.050264550264550498e-02 -1.554655870445338650e-02 -5.945685360758456127e-03 -3.243593902043452864e-03 -1.422730989370395507e-02 -1.778949102289574535e-02 -1.227400895670927028e-02 -1.237027812370281206e-02 -7.592824363788116572e-03 9.219679825664203613e-04 2.090475792290318047e-03 -1.746361746361815761e-03 -4.961137754258292121e-03 -8.618566855454290118e-03 -1.370980904194543833e-02 -1.599738818152132702e-02 -1.688279911915824619e-02 -2.046097856854023692e-02 -2.725533949633405367e-02 -3.112779602690445707e-02 -2.815064815525041009e-02 -2.322063384010285281e-02 -2.472382956338773849e-02
-9.999000000000000000e+03 -3.499507741877744965e-02 -3.752039151712881909e-02 -3.180731752160319975e-02 -2.313001305726544027e-02 -2.106451006206508728e-02 -2.736248236953454926e-02 -3.632097606757395125e-02 -3.916643408689183398e-02 -3.661869192931312134e-02 -3.289063196363316982e-02 -2.488349599929657111e-02 -2.257590173860392693e-02 -2.275428765494998118e-02 -2.011854077969780705e-02 -1.815208503679477739e-02 -1.571868416788197234e-02 -1.715686274509805112e-02 -2.441438469152093851e-02 -2.630923728110214771e-02 -2.082639120293235460e-02 -1.610346266166042678e-02 -9.280160521695552181e-03 -2.006688963210695193e-03 -1.082701757308232983e-03 -4.152134196977306894e-03 -5.319148936170269015e-03 -7.537480328004686828e-03 -1.118973177554717993e-02 -1.166420239855425409e-02 -1.256673511293637455e-02 -1.965261355296420501e-02 -2.918241016158852272e-02 -3.126974099810489460e-02 -2.525565540749920290e-02 -1.926016508712931688e-02 -2.304776345716450653e-02
-9.999000000000000000e+03 -9.999000000000000000e+03 -3.190994511117319077e-02 -2.315076228119707091e-02 -1.678520625889049628e-02 -1.651794190241126850e-02 -2.275946737180093229e-02 -2.912986280774289283e-02 -2.954841107600824149e-02 -2.937698954070029275e-02 -2.885643035268976517e-02 -2.445437812253483528e-02 -2.359221629068365342e-02 -2.230136521665394139e-02 -2.146854899340071635e-02 -2.369046643167471711e-02 -2.622576966932730833e-02 -2.986916810664030225e-02 -3.361624230321180046e-02 -3.454043656435555609e-02 -2.702247663944774142e-02 -1.787984069146675986e-02 -1.220545855229695706e-02 -6.678501986642972066e-03 -3.870750589027249777e-03 -5.111874633369629072e-03 -6.781079949769754783e-03 -8.338892595063420940e-03 -1.024793388429755953e-02 -1.036354663595982425e-02 -1.185185185185188422e-02 -2.075641972270079669e-02 -2.855283494671768951e-02 -2.800288855010829581e-02 -2.501179801793297283e-02 -2.108200279026506765e-02 -2.310585706609348533e-02
-9.999000000000000000e+03 -9.999000000000000000e+03 -9.999000000000000000e+03 -2.530038097098768340e-02 -2.280701754385956737e-02 -1.964579502564600677e-02 -2.131319889133137177e-02 -2.490566037735849128e-02 -2.357527380731390051e-02 -2.246067109211603158e-02 -2.121212121212121687e-02 -2.056824124106676824e-02 -2.255127223215045579e-02 -2.078792958927074691e-02 -2.197257558235585218e-02 -2.808441558441563193e-02 -3.333333333333336063e-02 -3.607148712903756466e-02 -3.566666666666661045e-02 -3.398262922674764874e-02 -2.528617802836151396e-02 -1.658031088082903559e-02 -1.444012105490707562e-02 -1.311928189193858028e-02 -8.090893441211883044e-03 -6.827103601297125103e-03 -9.800608313619431355e-03 -1.006373700100641339e-02 -1.210011602850989340e-02 -1.421878852634176835e-02 -1.718608667050408254e-02 -2.615992102665348415e-02 -2.958093672966307514e-02 -2.713715263629701280e-02 -2.810473216430456334e-02 -2.581511012868080782e-02 -2.372775522947242685e-02
-9.999000000000000000e+03 -9.999000000000000000e+03 -9.999000000000000000e+03 -9.999000000000000000e+03 -9.999000000000000000e+03 -2.952579779302115862e-02 -2.856587640886124047e-02 -2.932523488659009511e-02 -2.737698853126154311e-02 -2.764022688394704441e-02 -2.587117212249206988e-02 -2.464577071704593739e-02 -2.572266443234183519e-02 -2.481655536317914357e-02 -2.735611656790329013e-02 -3.183999999999995861e-02 -3.363963244107066874e-02 -3.191919191919195126e-02 -2.717391304347823930e-02 -2.304069963000335633e-02 -1.749271137026240860e-02 -1.260540728505610795e-02 -1.439664950702384920e-02 -1.719773024879966972e-02 -1.135371179039305206e-02 -8.903103120408034990e-03 -1.200919853504807920e-02 -1.197301854974700680e-02 -1.457240403031062267e-02 -1.667767503302511334e-02 -2.099629477151090939e-02 -3.037268100476116228e-02 -3.278688524590166881e-02 -3.049575994781478228e-02 -3.091452094600052186e-02 -2.867641185398191878e-02 -2.491720548809334829e-02
-9.999000000000000000e+03 -9.999000000000000000e+03 -9.999000000000000000e+03 -9.999000000000000000e+03 -9.999000000000000000e+03 -9.999000000000000000e+03 -3.620621802439989018e-02 -3.385143511013632978e-02 -3.007380073800735437e-02 -3.111348845502367663e-02 -3.084922010398610803e-02 -2.742044685172653068e-02 -2.567500414112968213e-02 -2.948103630309433301e-02 -3.654749581973081723e-02 -3.844941695556256672e-02 -3.470081416488816906e-02 -2.862610637110275455e-02 -2.190136275146008574e-02 -1.794317993022097671e-02 -1.334466638334036968e-02 -6.480601399809958474e-03 -5.991143526960203761e-03 -1.103484229733256265e-02 -1.122422344035503908e-02 -1.176877812391834838e-02 -1.411342057993323143e-02 -1.570945945945940309e-02 -1.809690601284297609e-02 -1.871790624482359486e-02 -2.387224234441882517e-02 -3.289527385519552816e-02 -3.290275408237877675e-02 -2.805400598269873133e-02 -2.558326629123087656e-02 -2.511598144296910834e-02 -2.501583280557313424e-02
-9.999000000000000000e+03 -9.999000000000000000e+03 -9.999000000000000000e+03 -9.999000000000000000e+03 -9.999000000000000000e+03 -9.999000000000000000e+03 -9.999000000000000000e+03 -9.999000000000000000e+03 -3.338545019773747624e-02 -3.350720537529842252e-02 -3.339041095890414590e-02 -2.606218050783539603e-02 -1.896437994722955864e-02 -2.377102199223802420e-02 -3.353899699414651658e-02 -3.711841795495567087e-02 -3.483687495062803147e-02 -2.922672612885240245e-02 -2.361189459263436999e-02 -2.067946824224519906e-02 -1.617634733048363069e-02 -6.060606060606038917e-03 1.464128843338208382e-03 -4.318908180012077176e-04 -7.090971982013197922e-03 -1.415501467288109334e-02 -1.855176540993418513e-02 -1.970360390703941242e-02 -2.061170212765957646e-02 -2.233209723939018690e-02 -3.002610966057445499e-02 -3.708491556920095328e-02 -3.302190721649487376e-02 -2.426482403985215017e-02 -1.947583553738880049e-02 -1.969260326609030207e-02 -2.028106036410092655e-02
-9.999000000000000000e+03 -9.999000000000000000e+03 -9.999000000000000000e+03 -9.999000000000000000e+03 -9.999000000000000000e+03 -9.999000000000000000e+03 -9.999000000000000000e+03 -9.999000000000000000e+03 -9.999000000000000000e+03 -3.704357029458461154e-02 -3.858274422962270495e-02 -3.056041302356562323e-02 -1.858858364862642568e-02 -1.829070896730334433e-02 -2.569796954314719148e-02 -3.078137332280982130e-02 -3.399410874930335058e-02 -3.221142260422520109e-02 -2.816560406746829864e-02 -2.475046660715740643e-02 -1.918169095249856390e-02 -8.901578770574371940e-03 1.962289907004514770e-03 5.514389109081490117e-03 -2.594258042199921403e-03 -1.637931034482760853e-02 -2.450646698434315665e-02 -2.359832635983262483e-02 -2.002979639132594289e-02 -2.043496101764464765e-02 -2.798280476924329754e-02 -3.452151573538859292e-02 -3.186039065001597392e-02 -2.345313375490273508e-02 -1.865044424877932566e-02 -2.018583787247677300e-02 -2.047699349554324422e-02
-9.999000000000000000e+03 -9.999000000000000000e+03 -9.999000000000000000e+03 -9.999000000000000000e+03 -9.999000000000000000e+03 -9.999000000000000000e+03 -9.999000000000000000e+03 -9.999000000000000000e+03 -9.999000000000000000e+03 -9.999000000000000000e+03 -9.999000000000000000e+03 -3.891115564462259424e-02 -2.556888705006204326e-02 -2.083163140266318034e-02 -2.525050100200399231e-02 -3.075207138304649271e-02 -3.752900696167081607e-02 -3.751408790854936226e-02 -3.098591549295771214e-02 -2.503610977371207094e-02 -1.856204912053174144e-02 -1.184461194400732165e-02 -4.057480980557889687e-03 3.517803517803505271e-03 -8.616975441619960352e-05 -1.513985116756481897e-02 -2.649507948523843401e-02 -2.786275320380320053e-02 -2.296211251435131134e-02 -1.991186551330178384e-02 -2.304520093798010164e-02 -2.789802789802787314e-02 -3.010460752215919633e-02 -2.746287721539196133e-02 -2.399999999999999009e-02 -2.239704583768161936e-02 -2.039829073611223315e-02
-9.999000000000000000e+03 -9.999000000000000000e+03 -9.999000000000000000e+03 -9.999000000000000000e+03 -9.999000000000000000e+03 -9.999000000000000000e+03 -9.999000000000000000e+03 -9.999000000000000000e+03 -9.999000000000000000e+03 -9.999000000000000000e+03 -9.999000000000000000e+03 -4.016913319238901714e-02 -2.952029520295199744e-02 -2.310121322918396933e-02 -2.528020944121736266e-02 -3.200775945683805718e-02 -3.885447671144719867e-02 -3.879587894397940745e-02 -3.222695491440966814e-02 -2.568205456436513379e-02 -2.069743094145123571e-02 -1.829218275777213729e-02 -1.272179444258456256e-02 -3.142784337042374074e-03 -2.043248765537196681e-03 -1.256217856841745917e-02 -2.198987635880839467e-02 -2.560327198364006560e-02 -2.539553752535502612e-02 -2.494953572870406422e-02 -2.551347881899870135e-02 -2.550571679859277296e-02 -2.550163882004954918e-02 -2.637889688249398651e-02 -2.626942175236262819e-02 -2.066182405165456135e-02 -1.359160087897773317e-02
-9.999000000000000000e+03 -9.999000000000000000e+03 -9.999000000000000000e+03 -9.999000000000000000e+03 -9.999000000000000000e+03 -9.999000000000000000e+03 -9.999000000000000000e+03 -9.999000000000000000e+03 -9.999000000000000000e+03 -9.999000000000000000e+03 -9.999000000000000000e+03 -3.738882652620666852e-02 -3.253833049403751648e-02 -2.870612004377470078e-02 -2.823451253944524869e-02 -3.129608389316733408e-02 -3.305986516123794738e-02 -3.178206583427926196e-02 -3.019020639417244189e-02 -2.951136913401061421e-02 -2.837739510065491119e-02 -2.569137620684010595e-02 -1.929795375145567163e-02 -1.078530502190761312e-02 -7.268424611223773743e-03 -1.097980051965471646e-02 -1.594909511610612465e-02 -2.021849013533344452e-02 -2.641752577319585529e-02 -3.116509509349525003e-02 -3.019679706796267807e-02 -2.401659618606876573e-02 -1.689216235689697948e-02 -1.802162595114138038e-02 -2.446458650838211762e-02 -2.210347340296331745e-02 -1.301465171482356006e-02
