SOC_LEM/input/hoffman_DEM.txt
ncols         395
nrows         187
xllcorner     463163
yllcorner     4775989
cellsize      3
NODATA_value  -9999
[rows 170 to 186 of 187, columns 37 to 73 of 395]
3.823299999999999841e+02 3.822900000000000205e+02 3.822099999999999795e+02 3.821999999999999886e+02 3.821800000000000068e+02 3.821800000000000068e+02 3.821499999999999773e+02 3.821399999999999864e+02 3.821299999999999955e+02 3.821100000000000136e+02 3.820600000000000023e+02 3.820400000000000205e+02 3.820099999999999909e+02 3.820000000000000000e+02 3.819499999999999886e+02 3.820099999999999909e+02 3.819800000000000182e+02 3.819599999999999795e+02 3.819499999999999886e+02 3.819399999999999977e+02 3.819499999999999886e+02 3.819800000000000182e+02 3.820600000000000023e+02 3.820799999999999841e+02 3.821299999999999955e+02 3.821600000000000250e+02 3.821700000000000159e+02 3.821800000000000068e+02 3.821899999999999977e+02 3.821800000000000068e+02 3.821600000000000250e+02 3.820400000000000205e+02 3.819399999999999977e+02 3.817900000000000205e+02 3.816899999999999977e+02 3.814900000000000091e+02 -9.999000000000000000e+03
3.823100000000000023e+02 3.822699999999999818e+02 3.822300000000000182e+02 3.822099999999999795e+02 3.821800000000000068e+02 3.821700000000000159e+02 3.821399999999999864e+02 3.821399999999999864e+02 3.821000000000000227e+02 3.821100000000000136e+02 3.820799999999999841e+02 3.820199999999999818e+02 3.820199999999999818e+02 3.819800000000000182e+02 3.819399999999999977e+02 3.819599999999999795e+02 3.819499999999999886e+02 3.819499999999999886e+02 3.819499999999999886e+02 3.819100000000000250e+02 3.818999999999999773e+02 3.819499999999999886e+02 3.820199999999999818e+02 3.820600000000000023e+02 3.821100000000000136e+02 3.821600000000000250e+02 3.821899999999999977e+02 3.822099999999999795e+02 3.822300000000000182e+02 3.822300000000000182e+02 3.821999999999999886e+02 3.821000000000000227e+02 3.819599999999999795e+02 3.818399999999999750e+02 3.817300000000000182e+02 3.815099999999999909e+02 -9.999000000000000000e+03
3.823399999999999750e+02 3.822799999999999727e+02 3.822400000000000091e+02 3.822400000000000091e+02 3.822099999999999795e+02 3.821700000000000159e+02 3.821700000000000159e+02 3.821299999999999955e+02 3.821200000000000045e+02 3.820899999999999750e+02 3.820699999999999932e+02 3.819900000000000091e+02 3.819800000000000182e+02 3.819599999999999795e+02 3.818999999999999773e+02 3.819100000000000250e+02 3.818899999999999864e+02 3.818999999999999773e+02 3.819100000000000250e+02 3.818899999999999864e+02 3.818600000000000136e+02 3.818899999999999864e+02 3.819800000000000182e+02 3.820400000000000205e+02 3.821100000000000136e+02 3.821499999999999773e+02 3.821800000000000068e+02 3.822599999999999909e+02 3.822699999999999818e+02 3.822699999999999818e+02 3.822400000000000091e+02 3.821499999999999773e+02 3.820199999999999818e+02 3.818799999999999955e+02 3.817300000000000182e+02 3.815400000000000205e+02 -9.999000000000000000e+03
3.823799999999999955e+02 3.823299999999999841e+02 3.822799999999999727e+02 3.822699999999999818e+02 3.822200000000000273e+02 3.822099999999999795e+02 3.821999999999999886e+02 3.821800000000000068e+02 3.821200000000000045e+02 3.820799999999999841e+02 3.820600000000000023e+02 3.819900000000000091e+02 3.819300000000000068e+02 3.819599999999999795e+02 3.819100000000000250e+02 3.818999999999999773e+02 3.818600000000000136e+02 3.818700000000000045e+02 3.818899999999999864e+02 3.818600000000000136e+02 3.818600000000000136e+02 3.819300000000000068e+02 3.819900000000000091e+02 3.820600000000000023e+02 3.821100000000000136e+02 3.821800000000000068e+02 3.822300000000000182e+02 3.822699999999999818e+02 3.823000000000000114e+02 3.823199999999999932e+02 3.823199999999999932e+02 3.822400000000000091e+02 3.820799999999999841e+02 3.819200000000000159e+02 3.817799999999999727e+02 3.816000000000000227e+02 -9.999000000000000000e+03
3.823799999999999955e+02 3.823700000000000045e+02 3.823399999999999750e+02 3.823299999999999841e+02 3.823000000000000114e+02 3.822599999999999909e+02 3.822500000000000000e+02 3.822400000000000091e+02 3.821899999999999977e+02 3.821299999999999955e+02 3.820799999999999841e+02 3.820400000000000205e+02 3.819700000000000273e+02 3.819599999999999795e+02 3.819399999999999977e+02 3.819100000000000250e+02 3.818999999999999773e+02 3.818999999999999773e+02 3.818700000000000045e+02 3.818399999999999750e+02 3.818399999999999750e+02 3.819100000000000250e+02 3.819900000000000091e+02 3.820600000000000023e+02 3.821000000000000227e+02 3.821700000000000159e+02 3.822500000000000000e+02 3.822799999999999727e+02 3.823399999999999750e+02 3.823500000000000227e+02 3.823299999999999841e+02 3.822699999999999818e+02 3.821299999999999955e+02 3.819900000000000091e+02 3.818299999999999841e+02 3.816299999999999955e+02 -9.999000000000000000e+03
3.824599999999999795e+02 3.824200000000000159e+02 3.823899999999999864e+02 3.823999999999999773e+02 3.823799999999999955e+02 3.823700000000000045e+02 3.823299999999999841e+02 3.823199999999999932e+02 3.822400000000000091e+02 3.822099999999999795e+02 3.821700000000000159e+02 3.820899999999999750e+02 3.820099999999999909e+02 3.820199999999999818e+02 3.819800000000000182e+02 3.819399999999999977e+02 3.819100000000000250e+02 3.818600000000000136e+02 3.818100000000000023e+02 3.818500000000000227e+02 3.818700000000000045e+02 3.818899999999999864e+02 3.819900000000000091e+02 3.820899999999999750e+02 3.821299999999999955e+02 3.822200000000000273e+02 3.822900000000000205e+02 3.823299999999999841e+02 3.824300000000000068e+02 3.824399999999999977e+02 3.824100000000000250e+02 3.823100000000000023e+02 3.821800000000000068e+02 3.820500000000000114e+02 3.818899999999999864e+02 3.817200000000000273e+02 -9.999000000000000000e+03
3.825799999999999841e+02 3.825500000000000114e+02 3.825000000000000000e+02 3.825000000000000000e+02 3.825099999999999909e+02 3.824700000000000273e+02 3.824700000000000273e+02 3.824200000000000159e+02 3.823899999999999864e+02 3.823199999999999932e+02 3.822300000000000182e+02 3.821700000000000159e+02 3.820899999999999750e+02 3.820600000000000023e+02 3.819900000000000091e+02 3.819499999999999886e+02 3.819200000000000159e+02 3.818799999999999955e+02 3.818299999999999841e+02 3.818199999999999932e+02 3.818399999999999750e+02 3.819399999999999977e+02 3.819900000000000091e+02 3.820699999999999932e+02 3.821600000000000250e+02 3.822400000000000091e+02 3.823199999999999932e+02 3.823799999999999955e+02 3.824599999999999795e+02 3.824499999999999886e+02 3.824200000000000159e+02 3.823600000000000136e+02 3.822599999999999909e+02 3.820899999999999750e+02 3.819599999999999795e+02 3.818100000000000023e+02 -9.999000000000000000e+03
3.826700000000000159e+02 3.826000000000000227e+02 3.825899999999999750e+02 3.826100000000000136e+02 3.825899999999999750e+02 3.825799999999999841e+02 3.825699999999999932e+02 3.825600000000000023e+02 3.824700000000000273e+02 3.823999999999999773e+02 3.822900000000000205e+02 3.822400000000000091e+02 3.821800000000000068e+02 3.821000000000000227e+02 3.820199999999999818e+02 3.819599999999999795e+02 3.819100000000000250e+02 3.818799999999999955e+02 3.818299999999999841e+02 3.817900000000000205e+02 3.818299999999999841e+02 3.819499999999999886e+02 3.820099999999999909e+02 3.821200000000000045e+02 3.822099999999999795e+02 3.822900000000000205e+02 3.823700000000000045e+02 3.824399999999999977e+02 3.825000000000000000e+02 3.824900000000000091e+02 3.824300000000000068e+02 3.824300000000000068e+02 3.823100000000000023e+02 3.821700000000000159e+02 3.820600000000000023e+02 3.818999999999999773e+02 -9.999000000000000000e+03
3.827900000000000205e+02 3.827400000000000091e+02 3.827099999999999795e+02 3.827300000000000182e+02 3.827099999999999795e+02 3.826999999999999886e+02 3.826999999999999886e+02 3.826499999999999773e+02 3.826000000000000227e+02 3.825400000000000205e+02 3.824300000000000068e+02 3.823600000000000136e+02 3.822599999999999909e+02 3.821800000000000068e+02 3.821100000000000136e+02 3.820000000000000000e+02 3.819399999999999977e+02 3.818600000000000136e+02 3.818000000000000114e+02 3.818000000000000114e+02 3.818399999999999750e+02 3.819599999999999795e+02 3.820600000000000023e+02 3.821700000000000159e+02 3.822500000000000000e+02 3.823399999999999750e+02 3.824300000000000068e+02 3.824800000000000182e+02 3.825600000000000023e+02 3.825699999999999932e+02 3.825600000000000023e+02 3.825099999999999909e+02 3.823899999999999864e+02 3.822799999999999727e+02 3.821399999999999864e+02 3.819700000000000273e+02 -9.999000000000000000e+03
3.829300000000000068e+02 3.828799999999999955e+02 3.828100000000000023e+02 3.828299999999999841e+02 3.828600000000000136e+02 3.828299999999999841e+02 3.828100000000000023e+02 3.828100000000000023e+02 3.827300000000000182e+02 3.826499999999999773e+02 3.825500000000000114e+02 3.824399999999999977e+02 3.823600000000000136e+02 3.822300000000000182e+02 3.821499999999999773e+02 3.820600000000000023e+02 3.820000000000000000e+02 3.818899999999999864e+02 3.817799999999999727e+02 3.818000000000000114e+02 3.818799999999999955e+02 3.820000000000000000e+02 3.820799999999999841e+02 3.821999999999999886e+02 3.823000000000000114e+02 3.823999999999999773e+02 3.824700000000000273e+02 3.825199999999999818e+02 3.826000000000000227e+02 3.826399999999999864e+02 3.826399999999999864e+02 3.825899999999999750e+02 3.824599999999999795e+02 3.823600000000000136e+02 3.822200000000000273e+02 3.820199999999999818e+02 -9.999000000000000000e+03
3.829599999999999795e+02 3.829100000000000250e+02 3.828799999999999955e+02 3.828600000000000136e+02 3.828899999999999864e+02 3.828899999999999864e+02 3.828899999999999864e+02 3.828299999999999841e+02 3.827400000000000091e+02 3.826999999999999886e+02 3.826000000000000227e+02 3.824700000000000273e+02 3.823399999999999750e+02 3.822300000000000182e+02 3.821700000000000159e+02 3.820799999999999841e+02 3.819800000000000182e+02 3.818299999999999841e+02 3.817500000000000000e+02 3.817900000000000205e+02 3.818600000000000136e+02 3.819599999999999795e+02 3.820799999999999841e+02 3.821800000000000068e+02 3.823000000000000114e+02 3.823899999999999864e+02 3.824900000000000091e+02 3.825699999999999932e+02 3.826299999999999955e+02 3.826200000000000045e+02 3.826399999999999864e+02 3.826000000000000227e+02 3.824900000000000091e+02 3.824300000000000068e+02 3.822799999999999727e+02 3.821499999999999773e+02 -9.999000000000000000e+03
3.829700000000000273e+02 3.828999999999999773e+02 3.828999999999999773e+02 3.828799999999999955e+02 3.829100000000000250e+02 3.828500000000000227e+02 3.828700000000000045e+02 3.828399999999999750e+02 3.827500000000000000e+02 3.826700000000000159e+02 3.825799999999999841e+02 3.825000000000000000e+02 3.823899999999999864e+02 3.822599999999999909e+02 3.821399999999999864e+02 3.820600000000000023e+02 3.819300000000000068e+02 3.818000000000000114e+02 3.816800000000000068e+02 3.817099999999999795e+02 3.818100000000000023e+02 3.819599999999999795e+02 3.820799999999999841e+02 3.822200000000000273e+02 3.823600000000000136e+02 3.824700000000000273e+02 3.825699999999999932e+02 3.826200000000000045e+02 3.826700000000000159e+02 3.827200000000000273e+02 3.827099999999999795e+02 3.826600000000000250e+02 3.825899999999999750e+02 3.824900000000000091e+02 3.823799999999999955e+02 3.822400000000000091e+02 -9.999000000000000000e+03
3.829900000000000091e+02 3.829200000000000159e+02 3.828700000000000045e+02 3.828000000000000114e+02 3.828600000000000136e+02 3.827900000000000205e+02 3.827799999999999727e+02 3.827699999999999818e+02 3.827099999999999795e+02 3.826100000000000136e+02 3.825400000000000205e+02 3.824100000000000250e+02 3.823000000000000114e+02 3.821899999999999977e+02 3.820799999999999841e+02 3.819700000000000273e+02 3.818500000000000227e+02 3.817300000000000182e+02 3.816100000000000136e+02 3.816399999999999864e+02 3.817799999999999727e+02 3.819200000000000159e+02 3.820799999999999841e+02 3.822099999999999795e+02 3.823500000000000227e+02 3.824800000000000182e+02 3.825799999999999841e+02 3.826499999999999773e+02 3.827300000000000182e+02 3.827400000000000091e+02 3.827200000000000273e+02 3.826999999999999886e+02 3.826399999999999864e+02 3.825299999999999727e+02 3.824300000000000068e+02 3.823100000000000023e+02 -9.999000000000000000e+03
3.829300000000000068e+02 3.828500000000000227e+02 3.827900000000000205e+02 3.827200000000000273e+02 3.827400000000000091e+02 3.827200000000000273e+02 3.826999999999999886e+02 3.826600000000000250e+02 3.825799999999999841e+02 3.825400000000000205e+02 3.824200000000000159e+02 3.822900000000000205e+02 3.822500000000000000e+02 3.821200000000000045e+02 3.820099999999999909e+02 3.818999999999999773e+02 3.817799999999999727e+02 3.816700000000000159e+02 3.816000000000000227e+02 3.816299999999999955e+02 3.817500000000000000e+02 3.818899999999999864e+02 3.820600000000000023e+02 3.822300000000000182e+02 3.823600000000000136e+02 3.825400000000000205e+02 3.826299999999999955e+02 3.827200000000000273e+02 3.827699999999999818e+02 3.828000000000000114e+02 3.828000000000000114e+02 3.827699999999999818e+02 3.826800000000000068e+02 3.825699999999999932e+02 3.825000000000000000e+02 3.823799999999999955e+02 -9.999000000000000000e+03
3.828700000000000045e+02 3.827500000000000000e+02 3.826899999999999977e+02 3.826100000000000136e+02 3.825500000000000114e+02 3.825500000000000114e+02 3.825600000000000023e+02 3.824900000000000091e+02 3.824300000000000068e+02 3.823399999999999750e+02 3.822699999999999818e+02 3.821700000000000159e+02 3.820299999999999727e+02 3.820099999999999909e+02 3.818999999999999773e+02 3.817900000000000205e+02 3.816899999999999977e+02 3.815899999999999750e+02 3.815400000000000205e+02 3.816200000000000045e+02 3.817400000000000091e+02 3.818799999999999955e+02 3.820600000000000023e+02 3.822300000000000182e+02 3.823399999999999750e+02 3.825199999999999818e+02 3.826600000000000250e+02 3.827799999999999727e+02 3.828100000000000023e+02 3.828399999999999750e+02 3.827799999999999727e+02 3.827200000000000273e+02 3.826700000000000159e+02 3.825899999999999750e+02 3.825199999999999818e+02 3.824200000000000159e+02 -9.999000000000000000e+03
3.827099999999999795e+02 3.825799999999999841e+02 3.825400000000000205e+02 3.824900000000000091e+02 3.824399999999999977e+02 3.823999999999999773e+02 3.823700000000000045e+02 3.823100000000000023e+02 3.822400000000000091e+02 3.822099999999999795e+02 3.821100000000000136e+02 3.820600000000000023e+02 3.819700000000000273e+02 3.818899999999999864e+02 3.817900000000000205e+02 3.816999999999999886e+02 3.816200000000000045e+02 3.815400000000000205e+02 3.815000000000000000e+02 3.815600000000000023e+02 3.817099999999999795e+02 3.818799999999999955e+02 3.820600000000000023e+02 3.821999999999999886e+02 3.823600000000000136e+02 3.824900000000000091e+02 3.826399999999999864e+02 3.827699999999999818e+02 3.828299999999999841e+02 3.828199999999999932e+02 3.827300000000000182e+02 3.827099999999999795e+02 3.826299999999999955e+02 3.825699999999999932e+02 3.825500000000000114e+02 3.824399999999999977e+02 -9.999000000000000000e+03
3.826399999999999864e+02 3.825099999999999909e+02 3.824399999999999977e+02 3.823700000000000045e+02 3.823399999999999750e+02 3.822799999999999727e+02 3.822200000000000273e+02 3.821499999999999773e+02 3.820799999999999841e+02 3.820500000000000114e+02 3.819599999999999795e+02 3.819200000000000159e+02 3.818899999999999864e+02 3.818100000000000023e+02 3.817099999999999795e+02 3.816600000000000250e+02 3.815400000000000205e+02 3.815099999999999909e+02 3.814700000000000273e+02 3.815400000000000205e+02 3.816700000000000159e+02 3.818299999999999841e+02 3.820199999999999818e+02 3.821600000000000250e+02 3.823100000000000023e+02 3.824599999999999795e+02 3.826100000000000136e+02 3.827099999999999795e+02 3.827900000000000205e+02 3.827799999999999727e+02 3.827099999999999795e+02 3.826299999999999955e+02 3.825500000000000114e+02 3.825400000000000205e+02 3.825199999999999818e+02 3.824200000000000159e+02 -9.999000000000000000e+03
