SOC_LEM/input/hoffman_SOCI.txt
ncols         395
nrows         187
xllcorner     463163
yllcorner     4775989
cellsize      3
NODATA_value  -9999
[rows 68 to 84 of 187, columns 0 to 36 of 395]
-9.999000000000000000e+03 4.945752571742250581e+00 4.937199417658721501e+00 5.211007038074793485e+00 5.466265682595871311e+00 5.534300331192852695e+00 5.590088035942844868e+00 5.632994252806673430e+00 5.629213975343573040e+00 5.483639817291484420e+00 5.204439145348903395e+00 4.950807081772593321e+00 4.717064359981751664e+00 4.377257301092102537e+00 4.011169313762461996e+00 3.761720224488165343e+00 3.768913871677673555e+00 3.922970672555276650e+00 3.938222862834054538e+00 4.002976755037684242e+00 4.231956556481298648e+00 4.346011144970519879e+00 4.474334197022225013e+00 4.646489066439041693e+00 4.721186033924295700e+00 4.625996467565395065e+00 4.413437963499248440e+00 4.195523811267024783e+00 4.045729375031102748e+00 3.935478952672253783e+00 3.800999877311996400e+00 3.626037113178414373e+00 3.396325692418921349e+00 3.099781762914172845e+00 2.764390602072690939e+00 2.527630892759127335e+00 2.483920982343057915e+00
-9.999000000000000000e+03 5.154097584904830498e+00 5.192143113720344871e+00 5.422306931436118305e+00 5.626422638262329912e+00 5.720413552395244849e+00 5.805739337835275293e+00 5.826612608342840005e+00 5.738602295436821876e+00 5.505057427406544690e+00 5.214282261975053956e+00 5.016344928033115380e+00 4.757924964755753550e+00 4.426217733770302587e+00 4.118795056286078449e+00 3.826005233273605199e+00 3.769930014194891044e+00 3.932075228632145425e+00 4.009318823392753472e+00 4.157047383475983793e+00 4.357282826388226837e+00 4.383417916801228387e+00 4.504451854327244931e+00 4.688602121603709705e+00 4.703793836876673851e+00 4.562289340661150661e+00 4.416177788874431798e+00 4.277241997054336053e+00 4.127090898092243165e+00 4.015556934298638581e+00 3.901208647608179092e+00 3.740260359121466038e+00 3.495053848133846230e+00 3.181700438371439787e+00 2.888357699439044524e+00 2.726631616548273129e+00 2.685554315267189907e+00
-9.999000000000000000e+03 5.395228558014657949e+00 5.420452731121315537e+00 5.635860806117245048e+00 5.859172276937814061e+00 5.937792845516847606e+00 5.968154893533018424e+00 5.965169750843351437e+00 5.777802530129232395e+00 5.392050919265514608e+00 5.069631317166660267e+00 4.959949522898856600e+00 4.780572980648368997e+00 4.515455862501728035e+00 4.258928485960227661e+00 3.947314002725107684e+00 3.803717335150363255e+00 3.879586766678485787e+00 3.959989494324030801e+00 4.058973409994997894e+00 4.194454039431704473e+00 4.331805639325930102e+00 4.518486811775822787e+00 4.639314623223446787e+00 4.577757433513138352e+00 4.457877088859216741e+00 4.407734306085256293e+00 4.313173375375505714e+00 4.158883217778354791e+00 4.069570005678698976e+00 3.988041923690362367e+00 3.827278485251932594e+00 3.598988269647618310e+00 3.337789337410059787e+00 3.107101998514167462e+00 2.987961566292934634e+00 2.902410703022564320e+00
-9.999000000000000000e+03 -9.999000000000000000e+03 5.903799617633675112e+00 6.096404004127899512e+00 6.272066107105368715e+00 6.238597867453856693e+00 6.155341345544060871e+00 6.065721519121678895e+00 5.782812767612879767e+00 5.380759248573472320e+00 5.060967501956843861e+00 4.896834434883921006e+00 4.713612618284271250e+00 4.492112069155913545e+00 4.205607318469825273e+00 3.907172880922203717e+00 3.803252995939232051e+00 3.849586065010289104e+00 3.899511401882028494e+00 3.964422780765090693e+00 4.156613751266307943e+00 4.392445490958424514e+00 4.552272136802280045e+00 4.649718806093620316e+00 4.643499682049837318e+00 4.559763151485482169e+00 4.453757044269048393e+00 4.309399297898655945e+00 4.142260819391994531e+00 4.083533032504174543e+00 4.061199733799949030e+00 3.940476202628689251e+00 3.774612186529189728e+00 3.592795215244388274e+00 3.335539053874564175e+00 3.150129424846042525e+00 3.014176708719626063e+00
-9.999000000000000000e+03 -9.999000000000000000e+03 -9.999000000000000000e+03 6.736345990651951610e+00 6.756264459257835142e+00 6.653862745356654784e+00 6.501163016873123368e+00 6.248619124810522507e+00 5.816147330701364027e+00 5.422120746575998851e+00 5.140953732838855927e+00 4.860719658835693124e+00 4.568848477109712647e+00 4.345812024994055278e+00 4.030854177440248876e+00 3.729984064094960416e+00 3.690392730691307577e+00 3.762622158011431850e+00 3.855446698881570100e+00 4.020709347431061786e+00 4.315435474552831607e+00 4.552499580096155185e+00 4.642432522804654127e+00 4.759415917632750848e+00 4.838047980073861609e+00 4.740072896187445650e+00 4.526684499846304277e+00 4.349400085139246031e+00 4.140259569061916167e+00 4.040896028161393261e+00 4.043067010232652692e+00 3.948165352867800237e+00 3.862445345690920462e+00 3.748349694862024961e+00 3.507127958913562438e+00 3.319469968535628368e+00 3.158812117641042860e+00
-9.999000000000000000e+03 -9.999000000000000000e+03 -9.999000000000000000e+03 -9.999000000000000000e+03 -9.999000000000000000e+03 7.066745871439309212e+00 6.769719131548246338e+00 6.348195224252865643e+00 5.790045602275602832e+00 5.257022892571180606e+00 4.893220229948580524e+00 4.595765774976419138e+00 4.316641457114709368e+00 4.111230015174472285e+00 3.796432429474629444e+00 3.532695056216287099e+00 3.524015898634946353e+00 3.622853180637580550e+00 3.839552261418560875e+00 4.166845460247957433e+00 4.496668111407274182e+00 4.693055536119574711e+00 4.765447205877132220e+00 4.843273598086609510e+00 4.900862342506608016e+00 4.813001731109453729e+00 4.610089476850394163e+00 4.424738690746629288e+00 4.193269172354424867e+00 4.058758452001871575e+00 3.997969037799471437e+00 3.849272235617966942e+00 3.759024462581757930e+00 3.686264197134825338e+00 3.539967737552917271e+00 3.383957878475191805e+00 3.188636559131870385e+00
-9.999000000000000000e+03 -9.999000000000000000e+03 -9.999000000000000000e+03 -9.999000000000000000e+03 -9.999000000000000000e+03 -9.999000000000000000e+03 6.876565248628869753e+00 6.322236962987624054e+00 5.724469198562793792e+00 5.107521805085832867e+00 4.642723652310651872e+00 4.352295033965074111e+00 4.131507898277982704e+00 3.850078009091289388e+00 3.467451620394152556e+00 3.278431261653681261e+00 3.343868456701301284e+00 3.480045086913747809e+00 3.798292876105890059e+00 4.211802765106510194e+00 4.549457125428233439e+00 4.763357258576492725e+00 4.864170482411136476e+00 4.854440162509277457e+00 4.796683842257758457e+00 4.748542170221455194e+00 4.585116687609080088e+00 4.339907720328008978e+00 4.138711217681356302e+00 4.033702888725796853e+00 3.906571940444186097e+00 3.718703260774969266e+00 3.640111094009196080e+00 3.602991493239819931e+00 3.513118989618160271e+00 3.356497760260868546e+00 3.148372142292185316e+00
-9.999000000000000000e+03 -9.999000000000000000e+03 -9.999000000000000000e+03 -9.999000000000000000e+03 -9.999000000000000000e+03 -9.999000000000000000e+03 -9.999000000000000000e+03 -9.999000000000000000e+03 5.616809856257773959e+00 5.024982414417323184e+00 4.568176575262748784e+00 4.308451272704969526e+00 4.101566878402326921e+00 3.743057930685422363e+00 3.339551125431906797e+00 3.195978005174263004e+00 3.280055181385822749e+00 3.425386471109298725e+00 3.732677979002469115e+00 4.108985159798754339e+00 4.455382175596929173e+00 4.751201724036000940e+00 4.924869210615502979e+00 4.899001633446294690e+00 4.762757761833757542e+00 4.649874033557145125e+00 4.418111342643220141e+00 4.147045622429624601e+00 3.994097468735873235e+00 3.887436271117483244e+00 3.705833227163962462e+00 3.540535215404748470e+00 3.551119975242748694e+00 3.588975279602410140e+00 3.524133959716563069e+00 3.389406666227893439e+00 3.290152652257727794e+00
-9.999000000000000000e+03 -9.999000000000000000e+03 -9.999000000000000000e+03 -9.999000000000000000e+03 -9.999000000000000000e+03 -9.999000000000000000e+03 -9.999000000000000000e+03 -9.999000000000000000e+03 -9.999000000000000000e+03 5.037309433298636563e+00 4.613641269336520523e+00 4.332938366777423056e+00 4.106741273866729713e+00 3.756578012034868408e+00 3.404877624199299291e+00 3.281104884597302984e+00 3.335558661361799793e+00 3.486929110594068959e+00 3.714564560933657944e+00 3.958549881620941235e+00 4.288634260454676550e+00 4.666513759877849665e+00 4.912144506223480533e+00 4.939596593532721513e+00 4.812355122383184636e+00 4.609077947466907688e+00 4.289900517690139026e+00 4.027291188138606870e+00 3.906128481427510124e+00 3.794146630690692135e+00 3.609489590963494976e+00 3.475779912480465583e+00 3.507677030236797222e+00 3.582677014781410207e+00 3.535087872221701844e+00 3.391326760978625288e+00 3.366346564817623843e+00
-9.999000000000000000e+03 -9.999000000000000000e+03 -9.999000000000000000e+03 -9.999000000000000000e+03 -9.999000000000000000e+03 -9.999000000000000000e+03 -9.999000000000000000e+03 -9.999000000000000000e+03 -9.999000000000000000e+03 -9.999000000000000000e+03 -9.999000000000000000e+03 4.328968134275690716e+00 4.169148506627244899e+00 3.892852686794309847e+00 3.559466597282389344e+00 3.401206617407090960e+00 3.394158444235845451e+00 3.524282660314339566e+00 3.705188868044142936e+00 3.866009879631787882e+00 4.143554108041257678e+00 4.504720006545808175e+00 4.792470247988836363e+00 4.940526252878671087e+00 4.882172382069242644e+00 4.609835189005332623e+00 4.218942916134729160e+00 3.912049573265795388e+00 3.778707442537315941e+00 3.720406170123821354e+00 3.625126585611832652e+00 3.530874748430132826e+00 3.496701096108807860e+00 3.506218656357727781e+00 3.484998983951118845e+00 3.424588094072252176e+00 3.448158282924056905e+00
-9.999000000000000000e+03 -9.999000000000000000e+03 -9.999000000000000000e+03 -9.999000000000000000e+03 -9.999000000000000000e+03 -9.999000000000000000e+03 -9.999000000000000000e+03 -9.999000000000000000e+03 -9.999000000000000000e+03 -9.999000000000000000e+03 -9.999000000000000000e+03 4.484430078126788288e+00 4.345311198930231100e+00 4.119434842189422241e+00 3.799536917745493625e+00 3.578330257810344861e+00 3.497708544741618297e+00 3.570436274281846067e+00 3.718086533301683261e+00 3.843564427379131843e+00 4.023832835907269256e+00 4.285667533240570037e+00 4.590976445417975782e+00 4.837283154005016073e+00 4.836260105570930889e+00 4.523610921388135253e+00 4.123035543049304863e+00 3.844348688940739223e+00 3.701681846989840707e+00 3.637965969285321677e+00 3.583650535208903420e+00 3.563380217159309638e+00 3.558591008062876426e+00 3.546875749379772458e+00 3.535391779738890961e+00 3.601814960491379836e+00 3.712909785063475354e+00
-9.999000000000000000e+03 -9.999000000000000000e+03 -9.999000000000000000e+03 -9.999000000000000000e+03 -9.999000000000000000e+03 -9.999000000000000000e+03 -9.999000000000000000e+03 -9.999000000000000000e+03 -9.999000000000000000e+03 -9.999000000000000000e+03 -9.999000000000000000e+03 4.786022740424709099e+00 4.505994177539315970e+00 4.240865747606035185e+00 4.010383076746938613e+00 3.834829114129391314e+00 3.736599116816154975e+00 3.741237990317964446e+00 3.777985017769527332e+00 3.814109704186254390e+00 3.910575602917132798e+00 4.104733919919146601e+00 4.376114600075016625e+00 4.630861681643963834e+00 4.723356824862786851e+00 4.514278483807126818e+00 4.163809266110117591e+00 3.904152565383688156e+00 3.708843320598674609e+00 3.531027839077578889e+00 3.477260166379471329e+00 3.584945273429701373e+00 3.697019602856634890e+00 3.698138171157996368e+00 3.657399478616296662e+00 3.726346633900730509e+00 3.823636024080757423e+00
-9.999000000000000000e+03 -9.999000000000000000e+03 -9.999000000000000000e+03 -9.999000000000000000e+03 -9.999000000000000000e+03 -9.999000000000000000e+03 -9.999000000000000000e+03 -9.999000000000000000e+03 -9.999000000000000000e+03 -9.999000000000000000e+03 -9.999000000000000000e+03 4.963636419214205731e+00 4.661118486844680220e+00 4.411103781444150940e+00 4.266531862654153073e+00 4.162147495900011762e+00 4.057797176784793791e+00 3.970071859731490349e+00 3.857799986059010422e+00 3.781808610657478198e+00 3.828590871783603689e+00 3.996055830943715748e+00 4.242180775494682976e+00 4.491798721253944748e+00 4.654805425841544775e+00 4.604764029143399995e+00 4.309670601421277780e+00 3.944984798807698922e+00 3.650648235694312405e+00 3.425403625875455660e+00 3.416941915902480531e+00 3.648677629887536966e+00 3.815996514887910251e+00 3.796593423872510087e+00 3.726148945592427708e+00 3.795518861230904761e+00 3.896363455407922061e+00
-9.999000000000000000e+03 -9.999000000000000000e+03 -9.999000000000000000e+03 -9.999000000000000000e+03 -9.999000000000000000e+03 -9.999000000000000000e+03 -9.999000000000000000e+03 -9.999000000000000000e+03 -9.999000000000000000e+03 -9.999000000000000000e+03 -9.999000000000000000e+03 5.155310351617133691e+00 4.933449818254970864e+00 4.761786815239322124e+00 4.628171344067311566e+00 4.506405817158924521e+00 4.362505797560817911e+00 4.174239541210802429e+00 3.931388792419808098e+00 3.726247267458084877e+00 3.728936784059012410e+00 3.932979808993456672e+00 4.207543676317394343e+00 4.450047135232166440e+00 4.614380920366084382e+00 4.656361133941588903e+00 4.398481611008694614e+00 3.913373906905279753e+00 3.569702540714535743e+00 3.467622819873311002e+00 3.524347392982557281e+00 3.721604650815640625e+00 3.887795910381079523e+00 3.902719897329374632e+00 3.831527918873225858e+00 3.887325848801820527e+00 4.017259808040403612e+00
-9.999000000000000000e+03 -9.999000000000000000e+03 -9.999000000000000000e+03 -9.999000000000000000e+03 -9.999000000000000000e+03 -9.999000000000000000e+03 -9.999000000000000000e+03 -9.999000000000000000e+03 -9.999000000000000000e+03 -9.999000000000000000e+03 -9.999000000000000000e+03 5.412748683062067911e+00 5.254688894498487528e+00 5.135056860428660386e+00 5.008848196216090898e+00 4.851929374395355765e+00 4.645255005348992938e+00 4.369206963456363724e+00 4.020821615583146880e+00 3.690144904453557473e+00 3.680332861274525413e+00 3.945554960492646757e+00 4.206730105286315080e+00 4.440077599986617329e+00 4.590377598347172849e+00 4.659721762810093537e+00 4.511485719879571477e+00 4.038083465047687781e+00 3.650375386948249812e+00 3.628047748572347686e+00 3.692788960137377785e+00 3.744365989129653016e+00 3.860030797832010308e+00 3.977783278124405797e+00 3.972086849251713403e+00 3.963311306269718060e+00 4.007018233545315056e+00
-9.999000000000000000e+03 -9.999000000000000000e+03 -9.999000000000000000e+03 -9.999000000000000000e+03 -9.999000000000000000e+03 -9.999000000000000000e+03 -9.999000000000000000e+03 -9.999000000000000000e+03 -9.999000000000000000e+03 -9.999000000000000000e+03 -9.999000000000000000e+03 5.671066024010242401e+00 5.518243756950344192e+00 5.446617390598698094e+00 5.338220102848437065e+00 5.157519295888830513e+00 4.952601895695535106e+00 4.641768870145210002e+00 4.248859449234583252e+00 3.920851822384141983e+00 3.906508597646878300e+00 4.095980421185256404e+00 4.245183106666500450e+00 4.453648934319335950e+00 4.604626518682898961e+00 4.660788902959911439e+00 4.629304094586716545e+00 4.351196344209585121e+00 3.919859238015950709e+00 3.733249544703609146e+00 3.814010732071601240e+00 3.908820748170846571e+00 3.950550466913067993e+00 3.996755427373347658e+00 4.019065226064880036e+00 3.958016465314427634e+00 3.893263102026187639e+00
-9.999000000000000000e+03 -9.999000000000000000e+03 -9.999000000000000000e+03 -9.999000000000000000e+03 -9.999000000000000000e+03 -9.999000000000000000e+03 -9.999000000000000000e+03 -9.999000000000000000e+03 -9.999000000000000000e+03 -9.999000000000000000e+03 -9.999000000000000000e+03 5.923094155073062694e+00 5.710502866018218882e+00 5.648216224993083401e+00 5.539599105119378919e+00 5.366200155873572797e+00 5.219044402244916725e+00 4.928161253771408568e+00 4.605552075263815937e+00 4.399436559052942286e+00 4.320463758979265378e+00 4.379585230429752229e+00 4.444503789338204669e+00 4.537931075295215777e+00 4.627218773676904817e+00 4.671550358555073501e+00 4.684799196131375965e+00 4.579674309042630398e+00 4.238757568250465013e+00 3.981547295645325946e+00 4.055874639951605687e+00 4.191742340996182037e+00 4.115242595779935897e+00 3.948271290457991967e+00 3.906675180369704847e+00 3.849416450299949943e+00 3.778686329535423383e+00
