SOC_LEM/input/hoffman_SOCI.txt
ncols         395
nrows         187
xllcorner     463163
yllcorner     4775989
cellsize      3
NODATA_value  -9999
[rows 34 to 50 of 187, columns 333 to 369 of 395]
6.942902348111831046e+00 6.400391047655526577e+00 6.061567851477056124e+00 5.769282210095276753e+00 5.463316352122344455e+00 5.270608498506948791e+00 5.051239157715196271e+00 4.621841646347222721e+00 4.310003219111147033e+00 4.089622496408932051e+00 3.842480805896625995e+00 3.699418858080422368e+00 3.593053558794782276e+00 3.485469259813802623e+00 3.442835869996194731e+00 3.504335507092667612e+00 3.556912334815271137e+00 3.568031684688616423e+00 3.667772356961243929e+00 3.796447440453063038e+00 3.836682121642207122e+00 3.727603723750098297e+00 3.489882009676335883e+00 3.198638752206296232e+00 2.995127528883905654e+00 2.894383507852367643e+00 2.814255212429554120e+00 2.828508407032003902e+00 2.984298580939862333e+00 3.177199627644885283e+00 3.390573163139906754e+00 3.564532108695139812e+00 3.702018653646023338e+00 3.905382183614014124e+00 4.169678004655237302e+00 4.442792388463704611e+00 4.635133167983383373e+00
7.022289418070410960e+00 6.618024263660958084e+00 6.256349803925209230e+00 5.941192450050140295e+00 5.681864812601757464e+00 5.641662855206098115e+00 5.598037059148161632e+00 5.199928864326297528e+00 4.860503881500868317e+00 4.556629296210395808e+00 4.188376185865552159e+00 3.993746775885346878e+00 3.924914997289732810e+00 3.914427382584687365e+00 3.929854698540591329e+00 3.981341579114904050e+00 3.951609238325152873e+00 3.845557390141069121e+00 3.865661568117445768e+00 3.935704542108343418e+00 3.843582747358013307e+00 3.640981526734023532e+00 3.434801409439383946e+00 3.135787277344563861e+00 2.866711016205204743e+00 2.727880577202109080e+00 2.626282561744611499e+00 2.648292368059605550e+00 2.814872038172497426e+00 3.004980137260579554e+00 3.241655154331148481e+00 3.410460484205373177e+00 3.532456349136760210e+00 3.830539444387973447e+00 4.181847205563967051e+00 4.470163503448507214e+00 4.637400378254392663e+00
7.124847218347381883e+00 6.802701776238588849e+00 6.429715418984663700e+00 6.152304901438000684e+00 6.022932144150772160e+00 5.961209796034806274e+00 5.876551850739755167e+00 5.605809655115105983e+00 5.271116782157372782e+00 4.847973769811567024e+00 4.476434088329229510e+00 4.354064757688814069e+00 4.342074587834666488e+00 4.434272874482664051e+00 4.494519646190267892e+00 4.455063385494513639e+00 4.342712218904344113e+00 4.075409491992665778e+00 3.843745658175807378e+00 3.794814821030620067e+00 3.703042188674775304e+00 3.521969268090250793e+00 3.344642884341396893e+00 3.060473186602527207e+00 2.776140254355377479e+00 2.623101108789931857e+00 2.536010781388194246e+00 2.547025561922312775e+00 2.658010003367062168e+00 2.817074354908514877e+00 3.017387684179217544e+00 3.152165146726803258e+00 3.329310151966140552e+00 3.716078197452029386e+00 4.112393530145432408e+00 4.459674261922913274e+00 4.671288674949451547e+00
7.277886571081104705e+00 6.937232014903729649e+00 6.612324533658375358e+00 6.441176180544209373e+00 6.439698839698664301e+00 6.335860489237559179e+00 6.187728410152121938e+00 5.944143951627713918e+00 5.525911247633088053e+00 5.059705096899373089e+00 4.765145957568476476e+00 4.710718137226560742e+00 4.705674919840163284e+00 4.819206035067942651e+00 4.887598228325551020e+00 4.799671875014380973e+00 4.683768666739483777e+00 4.359218047976975541e+00 3.899267665240833125e+00 3.631908601886037147e+00 3.490941200114569654e+00 3.350163370264395368e+00 3.154681755398396348e+00 2.912310412494997891e+00 2.703223085437604922e+00 2.572518401181811853e+00 2.514188774467845278e+00 2.528282844969568899e+00 2.560849827038085280e+00 2.650471909144416216e+00 2.831980028650956882e+00 3.008087130145527865e+00 3.224051818413178339e+00 3.597724946364015963e+00 4.035237455614320012e+00 4.387201130305740548e+00 4.578615278677222733e+00
7.453741474684829171e+00 7.135727623431794342e+00 6.911939624495502699e+00 6.762910444377959962e+00 6.710343934388093956e+00 6.662830960919446710e+00 6.559688040070692949e+00 6.287323706034859683e+00 5.852158038730850720e+00 5.478907374683410936e+00 5.260027869030391656e+00 5.164706865012629322e+00 5.085906762577405260e+00 5.079771584325513345e+00 5.128976193132066541e+00 5.060517514714376830e+00 4.851678387148396610e+00 4.479920638581408099e+00 3.971110377606931863e+00 3.550499403197004966e+00 3.305003134555727584e+00 3.139133145818508552e+00 2.956044916285538449e+00 2.775655819352522258e+00 2.644389694349648323e+00 2.530717478421225408e+00 2.471187638511844753e+00 2.488069469302320869e+00 2.503262374922995193e+00 2.587587560297524902e+00 2.796323745614257561e+00 3.045743301092644018e+00 3.263469946581484038e+00 3.551952059596004574e+00 3.970619604980457851e+00 4.283418040517013026e+00 4.389236307320684816e+00
7.631914398370671648e+00 7.435561548501524953e+00 7.260973523968846877e+00 7.065135799674763462e+00 6.979597006595932740e+00 7.004527689663840206e+00 6.923608029527420271e+00 6.708255828223480322e+00 6.319087045171238870e+00 5.968354516068339777e+00 5.776142223610916560e+00 5.652688707874387930e+00 5.513858088200800367e+00 5.381715471285591690e+00 5.367669677417532981e+00 5.263467682076026222e+00 4.884684655721992286e+00 4.411734059122348839e+00 3.949958869301951836e+00 3.514494396261742537e+00 3.183172539013076729e+00 2.961421938193049996e+00 2.775084816125966469e+00 2.636169105628320963e+00 2.553186878518689085e+00 2.468075156751005750e+00 2.434617363268497314e+00 2.480263090221191291e+00 2.527481632751809926e+00 2.635501956076177876e+00 2.822708663756321457e+00 3.045825021575211622e+00 3.300563459586484782e+00 3.591422794896976356e+00 3.921678885679373394e+00 4.151837311193325775e+00 4.181810072460294236e+00
7.714771735003719044e+00 7.551142556699396380e+00 7.382067926066177677e+00 7.238451644729853030e+00 7.209923166313746634e+00 7.226718215565735903e+00 7.170326054288640449e+00 7.099583883825719255e+00 6.764701176570600438e+00 6.384511622719792001e+00 6.222269418732388147e+00 6.017823666313336872e+00 5.788417817449488467e+00 5.600731938039627877e+00 5.489599938859578643e+00 5.326535143229101266e+00 4.882391906127820036e+00 4.336890482243656919e+00 3.927815245886575823e+00 3.488894025366858997e+00 3.092857317468629574e+00 2.835507965861559398e+00 2.610426694771119216e+00 2.466177724464309051e+00 2.418053613850021932e+00 2.396155430321368129e+00 2.426481129891490340e+00 2.500574241154312816e+00 2.573524331975578505e+00 2.682438540791858728e+00 2.850087989476556061e+00 3.106415119126342717e+00 3.406198062721399467e+00 3.654654802266035674e+00 3.814308073200182392e+00 3.874464932020417862e+00 3.857767174325841708e+00
7.702399116991479389e+00 7.502249117201721162e+00 7.337900117731479099e+00 7.247224975894763332e+00 7.166779403038621155e+00 7.126764173552798454e+00 7.092875365402194987e+00 7.033536226567486338e+00 6.772909523611673421e+00 6.547140917542000338e+00 6.459540260696135405e+00 6.179143294736260117e+00 5.913675323994384669e+00 5.740211032679383152e+00 5.533094067428315554e+00 5.281198322727183481e+00 4.821627573579521098e+00 4.266145335501024149e+00 3.851546634468459018e+00 3.418301302096253380e+00 3.018812255574008674e+00 2.744494523596962665e+00 2.481512297548801982e+00 2.328953314422811616e+00 2.308590145879614752e+00 2.359693737231243205e+00 2.462351975188109776e+00 2.531745358845991944e+00 2.599707353303044144e+00 2.749458844895057652e+00 2.951296440465117854e+00 3.237826146702898811e+00 3.506430707670478597e+00 3.629676926613248256e+00 3.659664013275643057e+00 3.658096361311333311e+00 3.630378714342793245e+00
7.606737900094547200e+00 7.375137008760599855e+00 7.237454809958393298e+00 7.114766164125043701e+00 6.904847932408291200e+00 6.737262695680225733e+00 6.612294897483362632e+00 6.451546705614523702e+00 6.281426496757857691e+00 6.224432804930797758e+00 6.209893150836249376e+00 6.045274165552470436e+00 5.877169283370799135e+00 5.804996652065778306e+00 5.636562097828667461e+00 5.285900649308485910e+00 4.794432472684373892e+00 4.175868683120450342e+00 3.656818941972277415e+00 3.284511083151418376e+00 2.940169455660274878e+00 2.615384256894010662e+00 2.344369529115683193e+00 2.229771049133283611e+00 2.237966479445072210e+00 2.339295522638559888e+00 2.509780278853012803e+00 2.608029551800051138e+00 2.714222207854252389e+00 2.902046694737785870e+00 3.103564035584572167e+00 3.348475835620016383e+00 3.558566445682837198e+00 3.621462894591889636e+00 3.587638721526575480e+00 3.542974148817132019e+00 3.501827460454300933e+00
7.440952648561982130e+00 7.164671104093031317e+00 6.924911903059287610e+00 6.733074539395001779e+00 6.498287978312410118e+00 6.241296633753609768e+00 6.011598605387904470e+00 5.819467637231451107e+00 5.693394507226285484e+00 5.696937103792757640e+00 5.767679650389727186e+00 5.795829558079285349e+00 5.764115159995826687e+00 5.778241973956873778e+00 5.676731789558358443e+00 5.306993950800819704e+00 4.797443461639652185e+00 4.109587566575239492e+00 3.502527089460999221e+00 3.150967783382094822e+00 2.805692665116589879e+00 2.485512119503084705e+00 2.260686781868230355e+00 2.164344274300709969e+00 2.157327184117681540e+00 2.255480530012723861e+00 2.430325463203294234e+00 2.570663241573496904e+00 2.774015518980149864e+00 3.022016335290052425e+00 3.228316710172522974e+00 3.448949403570329864e+00 3.612516806508656586e+00 3.647448475265990808e+00 3.583022743485630102e+00 3.439913372680369008e+00 3.389926334433869926e+00
7.185514886131290524e+00 6.868823308463555932e+00 6.487922944235728906e+00 6.210668600448549626e+00 6.033030735917764176e+00 5.784658324250548489e+00 5.440802294542356421e+00 5.096218907834012768e+00 4.971150491849543940e+00 5.134209640652617423e+00 5.355246418032699296e+00 5.549465130518711931e+00 5.661744778568323255e+00 5.725020089197142781e+00 5.714948392298930813e+00 5.407273181274756979e+00 4.853078510319196681e+00 4.207828611868704272e+00 3.622883914771092506e+00 3.179770596805660432e+00 2.780858462438038359e+00 2.496309595359560873e+00 2.300607834828312548e+00 2.150793456016243610e+00 2.096556987144269968e+00 2.158642048533184976e+00 2.288533806470892884e+00 2.433733080056304843e+00 2.699216743259263751e+00 3.010214629154809529e+00 3.276087297044009361e+00 3.519971254514905112e+00 3.671000865251459189e+00 3.689484278761700153e+00 3.616322362638999977e+00 3.467479543960347854e+00 3.446907929552729399e+00
6.805656459139617809e+00 6.446774842502529523e+00 6.015531601919569482e+00 5.676379528851615675e+00 5.461573177669752255e+00 5.197053812650590743e+00 4.822505134632811163e+00 4.455150575366058519e+00 4.353007360490634525e+00 4.572621878591272448e+00 4.863892284531987187e+00 5.164027151292355455e+00 5.422993498117445910e+00 5.605523344266783781e+00 5.740049621824859116e+00 5.546625044658691550e+00 5.006333591967326413e+00 4.432046891183547999e+00 3.829031314897765270e+00 3.290229051906161217e+00 2.876828434507297416e+00 2.612323947596811635e+00 2.397483791713662882e+00 2.205055148823690914e+00 2.107604023781144420e+00 2.119793316519324122e+00 2.193734529860151383e+00 2.353361031391351332e+00 2.654637481551771927e+00 2.981441138500583676e+00 3.299315019957752781e+00 3.577963917578532715e+00 3.728209420596435564e+00 3.741690231271185496e+00 3.670774362311744810e+00 3.580571300726395734e+00 3.555645086430970991e+00
6.412515180862422781e+00 5.986711826090916233e+00 5.558212181219788661e+00 5.168661406334921438e+00 4.814402530568408167e+00 4.511753801098320693e+00 4.237568848964050616e+00 4.026347939428914557e+00 3.986972768374705822e+00 4.116992501689715311e+00 4.354527554451975035e+00 4.697106437707549986e+00 5.062020335301934182e+00 5.351024442476992604e+00 5.542220286040217658e+00 5.481128995908139956e+00 5.104008700119338826e+00 4.537111835259864279e+00 3.874901399743828634e+00 3.312890075927924727e+00 2.929890614406730265e+00 2.659824979413544455e+00 2.454522746669763222e+00 2.262306395265296644e+00 2.136638904989197840e+00 2.084205725175026558e+00 2.051848982817695344e+00 2.185491000302809184e+00 2.540489613460165330e+00 2.902030277531132185e+00 3.263063256261812484e+00 3.560371515466737691e+00 3.686041963562407986e+00 3.688352802860494606e+00 3.650487864116662706e+00 3.614531961470255794e+00 3.584840712923146100e+00
6.091988508608384478e+00 5.613061842710237670e+00 5.107771012994186677e+00 4.667960106311689117e+00 4.257547571340577264e+00 3.973810193713653405e+00 3.771613098309124723e+00 3.610058985321145997e+00 3.640017960671883657e+00 3.787212607645718876e+00 3.986151604591903208e+00 4.287266484934500355e+00 4.666078356876999678e+00 4.988784415371265268e+00 5.200727875471931938e+00 5.275773667555531787e+00 5.029524824775387870e+00 4.482613372151561748e+00 3.866587280362891121e+00 3.366543886848802458e+00 3.001816262897726517e+00 2.705282588578773684e+00 2.485227154291274942e+00 2.275209843791307307e+00 2.116965154897883394e+00 2.030659289602953166e+00 1.952358375333091089e+00 2.051799250276475917e+00 2.369523091795370462e+00 2.712317500261741898e+00 3.039470733620495579e+00 3.331461292234660476e+00 3.512717864688342573e+00 3.567126405265897304e+00 3.567994377085103253e+00 3.554159491640556112e+00 3.586791830768806477e+00
5.705843902111505273e+00 5.209698998809210835e+00 4.702688768110823148e+00 4.245511483415425502e+00 3.878009218988754725e+00 3.658369229423897195e+00 3.468940652773280675e+00 3.323247134808806180e+00 3.373282801794113439e+00 3.520963189294779028e+00 3.677120549072718347e+00 3.894567838728709930e+00 4.213311868384323589e+00 4.553793548380632217e+00 4.885115227628091361e+00 5.081769988779987202e+00 4.920805319749852913e+00 4.521883369037894340e+00 4.041245296064495562e+00 3.543562629718403301e+00 3.147882349818448944e+00 2.836125121076458200e+00 2.572656882294788616e+00 2.326095909707943221e+00 2.120547242738043181e+00 1.961281561242961047e+00 1.876549669003782839e+00 1.974085029748385622e+00 2.195781958666096045e+00 2.457692186788849043e+00 2.758593110848055474e+00 3.072094749349554732e+00 3.313249755042120270e+00 3.439633996444824149e+00 3.526900529624141356e+00 3.583919454337934241e+00 3.678845163104398353e+00
5.369109238717200583e+00 4.848973636899300388e+00 4.376811103372386214e+00 3.906720861255688959e+00 3.527762752531366175e+00 3.343026959599432857e+00 3.202331045934275977e+00 3.114898294007424795e+00 3.106747075921285628e+00 3.117961233369005214e+00 3.222681618475762733e+00 3.454920677005855367e+00 3.780393684743900806e+00 4.152155902805201748e+00 4.634985934212762615e+00 5.021292659848175077e+00 5.005915227327555783e+00 4.780912949851877869e+00 4.388874791946754783e+00 3.831204102512486998e+00 3.360008615833679713e+00 3.007129630824993072e+00 2.695867172942705281e+00 2.397847817928459691e+00 2.114763774182923939e+00 1.852641803128715736e+00 1.703731576755286525e+00 1.764719248093184589e+00 1.938145684755088638e+00 2.187012434531593996e+00 2.524530703115740238e+00 2.855849742287169590e+00 3.113858207799706790e+00 3.315919279108015871e+00 3.529958453816792741e+00 3.702448724186210072e+00 3.841209520990751969e+00
5.080934997291844724e+00 4.546831788418339571e+00 4.080737586039425935e+00 3.651856225374141118e+00 3.294755541196867199e+00 3.072167402769510502e+00 2.930800305099761971e+00 2.888032767870877038e+00 2.829377529691551985e+00 2.737460550930959968e+00 2.857017197613187065e+00 3.134248787194231056e+00 3.471028615422866892e+00 3.880192917026565880e+00 4.429396538414351880e+00 4.952567047393793942e+00 5.166849842336606713e+00 5.149865479782844702e+00 4.814273990822945493e+00 4.215997376222441417e+00 3.655289614533247189e+00 3.241535111291790727e+00 2.891912852859375604e+00 2.506873340338160006e+00 2.110627324559100515e+00 1.774734371322564286e+00 1.555975653801686676e+00 1.522662422867545828e+00 1.655357395075444771e+00 1.926514431612854850e+00 2.274475175787374681e+00 2.613855343750692839e+00 2.957952905123365284e+00 3.269794425589454434e+00 3.555366658896090826e+00 3.823397744424902100e+00 4.042079631250327765e+00
