SOC_LEM/input/hoffman_SOCI.txt
ncols         395
nrows         187
xllcorner     463163
yllcorner     4775989
cellsize      3
NODATA_value  -9999
[rows 68 to 84 of 187, columns 37 to 73 of 395]
2.489652270261153433e+00 2.480346449375751661e+00 2.563771175862573415e+00 2.734941957536797474e+00 2.964946639047127519e+00 3.076386048931476935e+00 3.005042979439668471e+00 2.940377754323705517e+00 2.999733333541776403e+00 3.152605079663334919e+00 3.305801956241907646e+00 3.456642799064558957e+00 3.643147037389576681e+00 3.849869579585812218e+00 4.060098394027386703e+00 4.169225516863905412e+00 4.108935925182366944e+00 3.915319016247273964e+00 3.762155074852080006e+00 3.769725352799650153e+00 3.839412672558113471e+00 3.896542877778136571e+00 3.982416915275161173e+00 4.027327673430061594e+00 3.941133364106830683e+00 3.782841134185385812e+00 3.675059839641150461e+00 3.669412262016800597e+00 3.804407768721654648e+00 4.079954390732801528e+00 4.355789088516713647e+00 4.575588333819384346e+00 4.737138175545727137e+00 4.910305307342833103e+00 5.160724074736624090e+00 5.398586454569144877e+00 5.532270205681440345e+00
2.623326309717675997e+00 2.595829352172060567e+00 2.715140505343731192e+00 2.880212864314136922e+00 3.132022761514877018e+00 3.362650117820237483e+00 3.377808921473732795e+00 3.296891840102420090e+00 3.313799719900794472e+00 3.430026453029475064e+00 3.557278142714455527e+00 3.706353683166073054e+00 3.862170579453918506e+00 4.026048573554728449e+00 4.230125199884662734e+00 4.305061651729007011e+00 4.241869626786305858e+00 4.111201405411391008e+00 3.934215785196377269e+00 3.909037710201769045e+00 4.012380540551443886e+00 4.069027978912297172e+00 4.111627787762282438e+00 4.120068357180905139e+00 4.021980285925360832e+00 3.829642378517528201e+00 3.683898275054643179e+00 3.677495704782185015e+00 3.812601816199714833e+00 4.142066681361090019e+00 4.498807639462029329e+00 4.720586989582699289e+00 4.896981538008766677e+00 5.130319336302457955e+00 5.416956713478249696e+00 5.642274978454489442e+00 5.694439032536859457e+00
2.742097485648946176e+00 2.708089417155949974e+00 2.881265943183068501e+00 3.069826669352661241e+00 3.270045898239942517e+00 3.511933422533289217e+00 3.645205197755094773e+00 3.602825470314686029e+00 3.547556609846081344e+00 3.594239337913363030e+00 3.690446800118788673e+00 3.785372376349391388e+00 3.877801522607065010e+00 4.044395677311788617e+00 4.271841036976221417e+00 4.321630496790124454e+00 4.309456755510495896e+00 4.303460814157311631e+00 4.176669479733918777e+00 4.133912339771665501e+00 4.213780781505004569e+00 4.258181049951552666e+00 4.267474233745765844e+00 4.216037002960918656e+00 4.118217873412234553e+00 3.960020878853601545e+00 3.759688439305323371e+00 3.714708930440041357e+00 3.852694115055038893e+00 4.142832106193292674e+00 4.553047515081052765e+00 4.824762386148965021e+00 4.953569218141762320e+00 5.204956000593130128e+00 5.568224540216444751e+00 5.784329293551783380e+00 5.724177049001367479e+00
2.862056976239124140e+00 2.861094611308391933e+00 3.051062804884292490e+00 3.279898851865254983e+00 3.451720564967558857e+00 3.653153723614682491e+00 3.821811087904071869e+00 3.830364170318469874e+00 3.771449042411358477e+00 3.763593071397536960e+00 3.810341120195731790e+00 3.872770029277555537e+00 3.973168797654318851e+00 4.133170727914221132e+00 4.269410580972365921e+00 4.261120422557750587e+00 4.339416227269744297e+00 4.468521736197542893e+00 4.407517141322893295e+00 4.349493426320572453e+00 4.427482990054832257e+00 4.570092956846481869e+00 4.612839399423778630e+00 4.477397981750980804e+00 4.294758042801857911e+00 4.124735666669970158e+00 3.858286525298952441e+00 3.773664096764894893e+00 3.908307745743689665e+00 4.107036955401959233e+00 4.475133701339489178e+00 4.781098622370267393e+00 4.909842196728195773e+00 5.107824485360982436e+00 5.430903469521437543e+00 5.682023388105241324e+00 5.641238975296827718e+00
3.012756715743421410e+00 3.024754909028777305e+00 3.178406307444294754e+00 3.397172531836632814e+00 3.614259603745965777e+00 3.836554526215390837e+00 4.010272752817709119e+00 4.066820690658097703e+00 4.033941454860455522e+00 3.970983720854997401e+00 3.967898646843856625e+00 4.056803872228750052e+00 4.210073494512180048e+00 4.342809229637859758e+00 4.412765989397922084e+00 4.441834381198745518e+00 4.533113454583144630e+00 4.653021060178588186e+00 4.641932593495972981e+00 4.599715345476841577e+00 4.694690475044838607e+00 4.854904917614254245e+00 4.903794095608780879e+00 4.772107162677272640e+00 4.495146014402363832e+00 4.283157121333436734e+00 4.074537782486668647e+00 3.890218128366266015e+00 3.930945672813241032e+00 4.139437075722169013e+00 4.434707579967728464e+00 4.693419885477663200e+00 4.932789342415595968e+00 5.193708410136222753e+00 5.405001679674722226e+00 5.576300286924405825e+00 5.588327411488920760e+00
3.074514734257286719e+00 3.158347200159893120e+00 3.304542013456790883e+00 3.527970827813142307e+00 3.811053168349122444e+00 4.097839113997551408e+00 4.302741423510161312e+00 4.360943415714643834e+00 4.298881325050979640e+00 4.170916654400267376e+00 4.121414819635788263e+00 4.250828905929756374e+00 4.441627245596162510e+00 4.555504843511656077e+00 4.642911266378003887e+00 4.742289960395950743e+00 4.817198050602438997e+00 4.898335613878886718e+00 4.930850015401061270e+00 4.906928341640131919e+00 4.944231286059240560e+00 5.022237052184765460e+00 5.071876483639735866e+00 5.014113884276126143e+00 4.728299773183074706e+00 4.522681569703687288e+00 4.372284949752737404e+00 4.075296013535318451e+00 4.072939591153536654e+00 4.348103309144718764e+00 4.592747724712364032e+00 4.764515193290144168e+00 5.000663787144606687e+00 5.284391399477071261e+00 5.443873824504725789e+00 5.537227873757956331e+00 5.567358617306888746e+00
3.121401643743739740e+00 3.322242784038909491e+00 3.514142684647275416e+00 3.719978688310316528e+00 3.990329651980472292e+00 4.304683488658579193e+00 4.555651611829695469e+00 4.557306433114353794e+00 4.429650938146192374e+00 4.338667840667721265e+00 4.304486594056543325e+00 4.456268507300411130e+00 4.685043265984578653e+00 4.809893526264497510e+00 4.925753617666988049e+00 5.080538618565412889e+00 5.192452015376971985e+00 5.225688809187863271e+00 5.190950901553813779e+00 5.117311456203522013e+00 5.102989557265516396e+00 5.157077536000794993e+00 5.206651262193574325e+00 5.192484903022485554e+00 5.033381622045155268e+00 4.817583674875619337e+00 4.541860649308393505e+00 4.251843745705089717e+00 4.280442867395011675e+00 4.492805697826822708e+00 4.644323618149003963e+00 4.763185585643539000e+00 4.950844888697563562e+00 5.233381106678297812e+00 5.433483192174005438e+00 5.511772509440641343e+00 5.561212692653402456e+00
3.334490770989027908e+00 3.520247952643208222e+00 3.709280374111688872e+00 3.878586924240080336e+00 4.075987021254544374e+00 4.348607032072631995e+00 4.580845307731724603e+00 4.567756032767482210e+00 4.477110451355644116e+00 4.503459724571568401e+00 4.573224811847742544e+00 4.790665904072460179e+00 5.013376295821895923e+00 5.122054156221256704e+00 5.285127052722351948e+00 5.515515869221815137e+00 5.665853361121543585e+00 5.602812403845847555e+00 5.429026700799436611e+00 5.290554900793644322e+00 5.301656987897436224e+00 5.399653729409646274e+00 5.401614395147067427e+00 5.343774719972477882e+00 5.220507157574314050e+00 4.905479086651615361e+00 4.516498864681084413e+00 4.276101802462282109e+00 4.296765217580052365e+00 4.451924582344243930e+00 4.567089988947838464e+00 4.659752142523544194e+00 4.824687828221891905e+00 5.151950285626611503e+00 5.440481884587628159e+00 5.575656972437844416e+00 5.688666603980925274e+00
3.487810659661841228e+00 3.635023819164841186e+00 3.773508573422464707e+00 3.928353306228020259e+00 4.117009586978289448e+00 4.343872524381126254e+00 4.528133063321922336e+00 4.579437825956935271e+00 4.582053462070177829e+00 4.616974301627170263e+00 4.756491156775235041e+00 5.068114991743806641e+00 5.327316330271750999e+00 5.480814551107583199e+00 5.714987996104371248e+00 5.979535279308830553e+00 6.115887322270140203e+00 6.018441722711317610e+00 5.806913400048495433e+00 5.648050084386866843e+00 5.680670610342486881e+00 5.763354741826635319e+00 5.682383495757745706e+00 5.490581130169847057e+00 5.241423220530702309e+00 4.910837075470064761e+00 4.593666809912580362e+00 4.329858904811718645e+00 4.226516702851785823e+00 4.334162879949730041e+00 4.465352459905229665e+00 4.532997812273082516e+00 4.658779211065731118e+00 4.976344061041650946e+00 5.332216455831765956e+00 5.609925644397833366e+00 5.800607658264272715e+00
3.586807542203823473e+00 3.697365897063988882e+00 3.797907819677018182e+00 3.961773008386414219e+00 4.160558009224720522e+00 4.387058772903452919e+00 4.574056617344279374e+00 4.671791038631196713e+00 4.725232430385190696e+00 4.770836439280001784e+00 4.912618863738979158e+00 5.225611564435633127e+00 5.558134344818389749e+00 5.801618647925513628e+00 6.054845441381960569e+00 6.313265548784505299e+00 6.478449490082638818e+00 6.487032558685696060e+00 6.359219373876619841e+00 6.181679533141052119e+00 6.105855024448331392e+00 6.084062792136260001e+00 5.962760897195689580e+00 5.747173985057349554e+00 5.434133082043446805e+00 5.101709139246091596e+00 4.816836038557122279e+00 4.492152640236509953e+00 4.248265554063227256e+00 4.246585878484598453e+00 4.340479746396519900e+00 4.366813177077876418e+00 4.435949403644283251e+00 4.700596335358259381e+00 5.074157816967867163e+00 5.404383582000743758e+00 5.583909964942382231e+00
3.761738969025129720e+00 3.729882935404246425e+00 3.781356543343017407e+00 3.941277857333199464e+00 4.150351871709421658e+00 4.402135452715739916e+00 4.638788223329189719e+00 4.800997094631496154e+00 4.890044030463268854e+00 4.975749394178603069e+00 5.119415299097212824e+00 5.394957519046574390e+00 5.768899454224133194e+00 6.064080058414051067e+00 6.301816688919831932e+00 6.576258602940990627e+00 6.799469125336990771e+00 6.888351006632914775e+00 6.802288893681520676e+00 6.606540288635049052e+00 6.461450651182206073e+00 6.354977020469203097e+00 6.241522478307185651e+00 6.081874761567712895e+00 5.748960771091088162e+00 5.377071726182970579e+00 5.099563569469056645e+00 4.779348172998771460e+00 4.430600736633429904e+00 4.230380041259268253e+00 4.198664410021452298e+00 4.145458258587344957e+00 4.171209653250530280e+00 4.410483779281911154e+00 4.763563600083934091e+00 5.062457332285143607e+00 5.303606730809416803e+00
3.804239177174991937e+00 3.708069940220477534e+00 3.719088963191758523e+00 3.846001058582061205e+00 4.071053082101155240e+00 4.390186892405449015e+00 4.700692552805286084e+00 4.936025212345729329e+00 5.045620990747462287e+00 5.109857217120401529e+00 5.305873893848250589e+00 5.635823135014916829e+00 6.004765262599407905e+00 6.310060725669293547e+00 6.563635366151766348e+00 6.826338564287411259e+00 7.020529900728913475e+00 7.091344799990302761e+00 7.033212603269952012e+00 6.907558323046655957e+00 6.801871318956933976e+00 6.728378936151507617e+00 6.611707883010936371e+00 6.416748709728080868e+00 6.078139106778447598e+00 5.691360113987045111e+00 5.398177119611224484e+00 5.085589611528092746e+00 4.655575291874756161e+00 4.288221978308987659e+00 4.114107874782712670e+00 3.995302612498061734e+00 3.955231650784376995e+00 4.132206267833824498e+00 4.476445570910328797e+00 4.827081541082280935e+00 5.201642787307688920e+00
3.859646574088763771e+00 3.718517563865422204e+00 3.668043688091142229e+00 3.744466981581268783e+00 3.983769110869545216e+00 4.340451301979431520e+00 4.686311933922851836e+00 5.006621935402950641e+00 5.169791683019367312e+00 5.245189235579220011e+00 5.528375255169377667e+00 5.951612530340378626e+00 6.331799040357367403e+00 6.603851073055091447e+00 6.766185005414133258e+00 6.887040469442931467e+00 6.970490121358905000e+00 7.009522387592809878e+00 7.076073544831080753e+00 7.113795705692647076e+00 7.078207553320728707e+00 7.060888357431911899e+00 6.959464416855762892e+00 6.754179805201699693e+00 6.484683153306248116e+00 6.107310526409353457e+00 5.733391627180049355e+00 5.329893086090853771e+00 4.844241967832161322e+00 4.429526438352814566e+00 4.176686236591340418e+00 4.001559865833401730e+00 3.882867422492491727e+00 4.005701915374478617e+00 4.394714239275106848e+00 4.813822286476872492e+00 5.183034969084891586e+00
3.990275820332453094e+00 3.792437116779936446e+00 3.651240998700533424e+00 3.699231045858606848e+00 3.948849758611148175e+00 4.290272812079988896e+00 4.601744862852296336e+00 4.922944798262022914e+00 5.143091128943066082e+00 5.325628899313180398e+00 5.708432359706245407e+00 6.200651422769203336e+00 6.630419318264607398e+00 6.816673705162962449e+00 6.768085561140811279e+00 6.690850598858210319e+00 6.694218495492886944e+00 6.768276348059041325e+00 6.940066413724082395e+00 7.102285644326228109e+00 7.183483852952996074e+00 7.247031622912558646e+00 7.232567800125654145e+00 7.138653061162045788e+00 6.919917935117723573e+00 6.499755331024649863e+00 6.031227347017765084e+00 5.529002184512856743e+00 5.016095235164772959e+00 4.640496616708558619e+00 4.307223311684431621e+00 4.058803290489569449e+00 3.999324092439930922e+00 4.173036612555728553e+00 4.556405029753197056e+00 4.895201667427086178e+00 5.120624434130489178e+00
3.961682794234741678e+00 3.828373829263698624e+00 3.731795471868606384e+00 3.779210723048596066e+00 4.001355767235285299e+00 4.295226171207991328e+00 4.552754889084978274e+00 4.826678078158554541e+00 5.130877503641910309e+00 5.447672169996998548e+00 5.815130162703772143e+00 6.200721515018866370e+00 6.579657446279606248e+00 6.748090204500465816e+00 6.609970850960092292e+00 6.405158295183188244e+00 6.375484479577895769e+00 6.544389205489760997e+00 6.802624474969224622e+00 7.020538024483569117e+00 7.190330923794050477e+00 7.313561887530681815e+00 7.364007872463705695e+00 7.358217274354064585e+00 7.107801839145027500e+00 6.649452424434546316e+00 6.202237546860471795e+00 5.720744470810569027e+00 5.256350344059601554e+00 4.892757076989910914e+00 4.481838873085857600e+00 4.232191032888549032e+00 4.298366958407013882e+00 4.485671429086721673e+00 4.759410267866250877e+00 5.013410712159716454e+00 5.157293850730734874e+00
3.857819425516446188e+00 3.863446819255768716e+00 3.888138435073789978e+00 3.942732087166039179e+00 4.079464392939792461e+00 4.271112259010058310e+00 4.497941835584994053e+00 4.807516487961645879e+00 5.224436547265417730e+00 5.639942549649877179e+00 5.904555696794025366e+00 6.119643991703163977e+00 6.407143585495068905e+00 6.568764923015976365e+00 6.430643006198637934e+00 6.153992333354167954e+00 6.037995116971421439e+00 6.217240959376399090e+00 6.543077841513321502e+00 6.814463322792427391e+00 7.072161828492340874e+00 7.267038530868862978e+00 7.389094333249236257e+00 7.516694400756637862e+00 7.243721660487260294e+00 6.676301219616586735e+00 6.250083948454864924e+00 5.860703896359460430e+00 5.457607563960683805e+00 5.056537429915149318e+00 4.659709441971090271e+00 4.484348657407974059e+00 4.536741795372382313e+00 4.639074918747056131e+00 4.869538185860383450e+00 5.104703176613350379e+00 5.221504458144790917e+00
3.793713661236933987e+00 3.889720507073075595e+00 3.972381465951071888e+00 4.053750755469692990e+00 4.151177523541555558e+00 4.259597615365191103e+00 4.491262241298345614e+00 4.839499544554605848e+00 5.241834093451888776e+00 5.670329309021209241e+00 5.963888111041317330e+00 6.146177554164358625e+00 6.350670993372879991e+00 6.405902859210140576e+00 6.185394621072148880e+00 5.880499531557244808e+00 5.721453004606068760e+00 5.819273772522967292e+00 6.085363566750237041e+00 6.366125348919471350e+00 6.684444479701902253e+00 6.998822970005235788e+00 7.299644947208737022e+00 7.543248632572009171e+00 7.288662628509971597e+00 6.694003070105482678e+00 6.273761496044215846e+00 5.955674798941005932e+00 5.602556764554668334e+00 5.176673966788937875e+00 4.818773435895046475e+00 4.673197688950960327e+00 4.666508819147733078e+00 4.719069685920159074e+00 4.912625179080549742e+00 5.077291584442964023e+00 5.146195388116035829e+00
