SOC_LEM/input/hoffman_NDVI.txt
ncols         395
nrows         187
xllcorner     463163
yllcorner     4775989
cellsize      3
NODATA_value  -9999
[rows 32 to 47 of 187, columns 333 to 369 of 395]
-3.451705958420368814e-02 -3.403721916883614695e-02 -2.912440681120319341e-02 -2.607597220969050389e-02 -2.870264064293921030e-02 -3.901933701657460396e-02 -4.803420236398690812e-02 -4.628949301983834030e-02 -3.856948119637559902e-02 -3.508771929824563290e-02 -3.644983290588327957e-02 -3.428177007439215523e-02 -3.133379299777824811e-02 -3.769537235672686809e-02 -4.543718976708671642e-02 -4.534388314059644570e-02 -4.023641736758353654e-02 -3.708197467202548753e-02 -3.541650730513265510e-02 -2.663663896870393719e-02 -1.161779815063624516e-02 -9.467738085766607206e-03 -1.926583683501150238e-02 -2.424433249370275961e-02 -2.540523690773072510e-02 -2.409076779608328861e-02 -2.146927941291286099e-02 -2.164705882352940813e-02 -2.646338573347023840e-02 -3.499079189686919722e-02 -4.008455972030246922e-02 -3.681183237469188435e-02 -2.774566473988436879e-02 -2.299327633435709409e-02 -2.629147417051656832e-02 -3.283735248845565807e-02 -3.791963819794741397e-02
-3.036356372353174113e-02 -3.380989180834618330e-02 -3.130271790065602272e-02 -3.055175558595528418e-02 -3.349709691826712604e-02 -3.693306430388633432e-02 -3.983551786173221421e-02 -3.807381487961336575e-02 -2.973856209150331151e-02 -2.461463965781614249e-02 -2.689797867260860370e-02 -2.689948088721099556e-02 -2.680734661977339506e-02 -3.161165048543692485e-02 -3.762192289828147906e-02 -3.871518348979750834e-02 -3.271537622682663127e-02 -2.745834311194559826e-02 -2.585935036266160530e-02 -1.901262182457262237e-02 -6.543339526617636230e-03 -6.437077566784656785e-03 -1.612006670372430686e-02 -2.167279555590335971e-02 -2.385179467387107607e-02 -2.516495319932482086e-02 -2.672811059907831410e-02 -2.691447520629286841e-02 -2.850911356909180058e-02 -3.429159737071357100e-02 -3.845223700120919963e-02 -3.530370974317165178e-02 -2.661098829116513229e-02 -2.314852953291044596e-02 -2.775455609429858597e-02 -3.336462155474020225e-02 -3.891591382904789620e-02
-3.147554129911785820e-02 -3.396593673965942611e-02 -3.244781783681211645e-02 -3.258052573121071605e-02 -3.405180220974456801e-02 -3.131971089497640609e-02 -3.006857745735886170e-02 -3.497342705297448728e-02 -3.276760208368344890e-02 -2.829640693718360814e-02 -3.109950208146277512e-02 -2.972689921856115289e-02 -2.622140750777076160e-02 -2.496839443742097236e-02 -2.672781907322471437e-02 -2.969822768641223326e-02 -2.787175769292731670e-02 -2.248463280491749816e-02 -1.728475208958851414e-02 -1.101591187270497922e-02 -6.679700228087301003e-03 -1.268872470285900729e-02 -2.112565032319091776e-02 -2.560136128084149545e-02 -2.652843421253237022e-02 -2.743671365772317947e-02 -2.978852421738803838e-02 -3.020159756561426392e-02 -2.921728433030905056e-02 -2.929458636044062966e-02 -2.816677275620621188e-02 -2.650447111898813699e-02 -2.524680368991744778e-02 -2.531438837171327144e-02 -2.840483132028318730e-02 -3.122866894197956489e-02 -3.619279624151726382e-02
-3.890067697281999332e-02 -3.524533517622664008e-02 -3.309213699951758098e-02 -3.367606829544379787e-02 -3.270509977827056047e-02 -2.717490424949843206e-02 -2.601626016260161559e-02 -3.492288601311827750e-02 -3.786424707729884459e-02 -3.889175701256240153e-02 -4.406550734425122157e-02 -4.075860921643646023e-02 -3.123458819661354899e-02 -2.195380723088222880e-02 -1.946671028954687077e-02 -2.456313880646223552e-02 -2.613023641642470141e-02 -2.171750663129973224e-02 -1.659648253653704664e-02 -1.168916694106028956e-02 -1.422648565157299226e-02 -2.336709466464629431e-02 -2.742946708463954442e-02 -2.935300445673886052e-02 -3.048180924287121826e-02 -3.150612828032185037e-02 -3.387666190941186761e-02 -3.343877089923182749e-02 -3.061146980630462255e-02 -2.714758132738595911e-02 -2.275392915787010500e-02 -2.297939778129951677e-02 -2.557953637090325943e-02 -2.502844141069402936e-02 -2.561543579507649659e-02 -2.583781018163212179e-02 -2.948595285726708995e-02
-4.577033101757255890e-02 -3.838829307407031627e-02 -3.633150039277302512e-02 -3.670079196445822506e-02 -3.316812809759814296e-02 -2.870588235294116441e-02 -2.939534883720936603e-02 -3.769441903019207785e-02 -4.555665378740228477e-02 -5.168301086668431604e-02 -5.501392757660171495e-02 -4.856208024797656342e-02 -3.533026113671278168e-02 -2.169289663972777740e-02 -1.853426288046244180e-02 -2.495755517826831610e-02 -2.488745434468706344e-02 -2.376538007753243448e-02 -2.729610885256780056e-02 -2.513303315595577514e-02 -2.542236524537407755e-02 -2.911853141319826338e-02 -2.820092180298418294e-02 -2.883435582822082427e-02 -3.161071293851379360e-02 -3.363363363363364861e-02 -3.535239810853412629e-02 -3.591824466486324974e-02 -3.510228731033442767e-02 -3.121668950814675270e-02 -2.679329781484052556e-02 -2.830778855176732320e-02 -2.917393372443314106e-02 -2.433090024330906292e-02 -2.266877023997342089e-02 -2.091481040639347685e-02 -2.225300891852108678e-02
-4.777628727685483134e-02 -4.422803814161090086e-02 -4.290560766314102659e-02 -4.144001582434975184e-02 -3.605200945626482745e-02 -3.409312293006044881e-02 -3.616306954436446924e-02 -4.240714621532677003e-02 -5.023835716905022952e-02 -5.491744436468051077e-02 -5.480666903157144915e-02 -4.830747531734836536e-02 -3.667953667953671032e-02 -2.385964912280701469e-02 -2.126542399579942760e-02 -2.634095453359991748e-02 -2.392095683827352715e-02 -2.653200958575828786e-02 -3.682672233820453306e-02 -3.538599202798342613e-02 -2.817236727243866909e-02 -2.500390686044699773e-02 -2.660891089108908050e-02 -3.027529932128418186e-02 -3.322534468469828112e-02 -3.455528846153847755e-02 -3.437382474614518457e-02 -3.583797620840235842e-02 -3.830493138289850497e-02 -3.654182177315202368e-02 -3.263637065041280483e-02 -3.258655804480654200e-02 -3.205791106514990774e-02 -2.762430939226524426e-02 -2.417545900141230067e-02 -2.061243532106200871e-02 -2.166437414030261688e-02
-4.715311751847613142e-02 -5.123729335660746204e-02 -4.902755267423015983e-02 -4.357429718875495406e-02 -3.859999999999995379e-02 -3.712527297994833858e-02 -3.846153846153850531e-02 -4.191155217265635224e-02 -4.420459877991554654e-02 -4.287284719677539324e-02 -4.054908335591079355e-02 -3.770197486535011716e-02 -3.192916554869873469e-02 -2.473435128136439870e-02 -2.236080178173719540e-02 -2.450676811465981805e-02 -2.521008403361343561e-02 -3.267411865864140730e-02 -4.192819482801908582e-02 -3.726457036617897983e-02 -2.478305058244083259e-02 -1.897810218978102439e-02 -2.529614061902940234e-02 -3.309549111887052225e-02 -3.717668350803107064e-02 -3.879699248120300342e-02 -3.798991950650718735e-02 -3.717107743346151350e-02 -3.835699184536393858e-02 -3.821898032064433015e-02 -3.502667594525633865e-02 -3.105001185114952475e-02 -3.007881614926810263e-02 -3.059554973821993623e-02 -2.862388383543350290e-02 -2.573248407643318261e-02 -2.957264957264962163e-02
-5.017845895444048715e-02 -5.761016772580475342e-02 -5.185337303624602129e-02 -4.056508577194747195e-02 -3.185858384100666296e-02 -2.711292084616147985e-02 -2.654692588571992001e-02 -2.605640675319614158e-02 -2.682065476758613634e-02 -2.683063163778654642e-02 -2.603256370159137689e-02 -2.676443629697523863e-02 -2.592186929536325832e-02 -2.341622799056089846e-02 -2.033438770899232556e-02 -2.013062539142883647e-02 -2.465897166841552260e-02 -3.536813467097435493e-02 -4.199041163828731715e-02 -3.816671989779617247e-02 -2.761493366244982886e-02 -2.185128983308041659e-02 -2.914238134887597170e-02 -3.807796917497733441e-02 -4.237671542753731341e-02 -4.415857970360338031e-02 -4.275820535983135967e-02 -3.847607528913750408e-02 -3.593086719223773096e-02 -3.766263410180324678e-02 -3.863058061531344373e-02 -3.428706550011825088e-02 -3.108391045256881507e-02 -3.253298369253465605e-02 -3.279646165400980362e-02 -3.177158349572146989e-02 -3.875573686894443620e-02
-5.084745762711864736e-02 -5.618680287709787446e-02 -4.888340022640733779e-02 -3.495655688017777762e-02 -2.284745086301507438e-02 -1.604278074866313450e-02 -1.297424808334966817e-02 -7.509997074027087438e-03 -8.133192995885619656e-03 -1.162354705661788196e-02 -1.257568700512338294e-02 -1.757322175732211472e-02 -2.264116070603456113e-02 -2.384008802494039583e-02 -2.070601112834078925e-02 -1.782499099747931331e-02 -2.188126580071484903e-02 -3.240429818670244322e-02 -3.790657862558084040e-02 -3.989235396548995033e-02 -3.744137771968941014e-02 -3.298033282904691554e-02 -3.549185863285061332e-02 -4.103445698482695997e-02 -4.497493077901666692e-02 -4.643312579701444620e-02 -4.376647834274950688e-02 -3.719978786271687515e-02 -3.188979374381607779e-02 -3.322893591016724130e-02 -3.645472061657033941e-02 -3.288079730047872157e-02 -2.843867660017621382e-02 -3.100333631703152890e-02 -3.394169625898087878e-02 -3.526069518716572204e-02 -4.405360134003349915e-02
-4.211395540875313703e-02 -4.305925774041421961e-02 -3.795665004579225343e-02 -2.768549280177186322e-02 -1.869530628480511533e-02 -1.278018088871407144e-02 -7.791195948578078824e-03 -2.415225582069356700e-03 -2.852253280091348892e-03 -4.127579737335820148e-03 -6.088992974238854189e-03 -1.578111868521798328e-02 -2.245731254639940846e-02 -2.305847629588636538e-02 -2.081613938560294280e-02 -1.669223134530364167e-02 -1.905176163549370666e-02 -2.926707245893434700e-02 -3.628282828282829858e-02 -4.163381170162434169e-02 -4.357197844495764444e-02 -4.022945127934183379e-02 -3.655818100757914080e-02 -3.745760212358059671e-02 -4.143850821370429621e-02 -4.150492684383397246e-02 -3.655136031351270687e-02 -3.071206491241377026e-02 -2.674693286596049879e-02 -2.662063674721899809e-02 -3.015308489253127125e-02 -2.882657057809811380e-02 -2.571041948579159270e-02 -2.890266484180014847e-02 -3.075671277461354547e-02 -2.946245383668449208e-02 -3.584936688044731284e-02
-3.441254327020969866e-02 -3.328626185192654074e-02 -3.175241157556267513e-02 -2.854861249750447957e-02 -2.498524493409403843e-02 -2.031340684852003808e-02 -1.567278287461777025e-02 -1.242059353370631065e-02 -1.089201877934268398e-02 -8.768656716417879554e-03 -1.081484243893339470e-02 -1.889602531881218184e-02 -2.258154446612760380e-02 -2.178952248493278010e-02 -1.999815685190306155e-02 -1.482552883746160802e-02 -1.602508273819894247e-02 -2.773844231570176538e-02 -3.703703703703705580e-02 -4.008157502549219292e-02 -4.267872193701637701e-02 -4.153880697552577578e-02 -3.548079042092118496e-02 -3.563360781170298724e-02 -3.974772660604281721e-02 -3.643122676579926139e-02 -2.765428377665590451e-02 -2.183803457688807126e-02 -1.883914270459919466e-02 -1.863832409118915817e-02 -2.343992548897856285e-02 -2.615505090054820805e-02 -2.684723212164407541e-02 -2.909672262190244815e-02 -2.857142857142854278e-02 -2.464248202310736352e-02 -2.678210211182139797e-02
-3.203062046736500357e-02 -3.032713532862680791e-02 -3.226443019240254201e-02 -3.376064194148160891e-02 -3.221450617283948270e-02 -2.868503266117579040e-02 -2.809146056929544971e-02 -2.941449382945167390e-02 -2.802700952733325201e-02 -2.351747671308677956e-02 -1.942730871927079647e-02 -1.815500875495347846e-02 -1.893064918275003811e-02 -2.133949191685912891e-02 -2.077969841853623267e-02 -1.640526410672437860e-02 -1.799217731421122804e-02 -2.737788133477571037e-02 -3.433373349339731428e-02 -3.508362504861923387e-02 -3.809163195759181914e-02 -3.738248575024058495e-02 -3.355900123753367825e-02 -3.795272175233137951e-02 -4.347192893031381900e-02 -3.841040035455754037e-02 -2.731831449741789833e-02 -1.944235116804822819e-02 -1.476183229341045643e-02 -1.418658442559755060e-02 -1.768601480327230968e-02 -2.008981328291184476e-02 -2.505368647100929269e-02 -3.080739377450584723e-02 -3.142032702789351872e-02 -2.977093143906134678e-02 -3.087848081065982381e-02
-3.540879252038985764e-02 -3.337887956275625845e-02 -3.472755180353027937e-02 -3.412969283276447163e-02 -2.985915492957744860e-02 -2.722222222222220669e-02 -3.219921554319069706e-02 -4.183608927441945929e-02 -4.542996214169821301e-02 -3.888838762068026061e-02 -2.710027100271001146e-02 -1.831036983321248854e-02 -1.758221736357841111e-02 -2.130772748056699098e-02 -1.993416239941478776e-02 -2.004494382022472751e-02 -2.728536670142507961e-02 -2.969965698987698730e-02 -2.854845195014070469e-02 -2.872670807453420183e-02 -3.106620419242952374e-02 -2.901011294013431177e-02 -2.819357651504144843e-02 -3.833104742655019798e-02 -4.671946523287070357e-02 -4.310787985606232692e-02 -3.161323758051376442e-02 -2.115613825983312865e-02 -1.458034297801618327e-02 -1.438793567746404767e-02 -1.493237432569770318e-02 -1.349849134508498624e-02 -1.986861079955135750e-02 -2.971410215226466534e-02 -3.261479285199130745e-02 -3.318214370971588056e-02 -3.582232128641930913e-02
-3.935162581779126645e-02 -3.659233847913088977e-02 -3.663753022131303883e-02 -3.418568417193653536e-02 -2.955351459488949131e-02 -2.813483146067413676e-02 -3.284639220894205319e-02 -4.107673483656704844e-02 -4.680038204393512785e-02 -4.375815571987821256e-02 -3.152364273204900924e-02 -2.140456394834601428e-02 -1.981174361272972778e-02 -2.104117540359151661e-02 -1.843065693430658361e-02 -2.328099621007038295e-02 -3.434343434343438417e-02 -3.091032608695656533e-02 -2.471142903592917633e-02 -2.466052754799443608e-02 -2.508525956801816933e-02 -2.174074348890701891e-02 -2.314713399050747147e-02 -3.539823008849558167e-02 -4.611579866162347774e-02 -4.542135241711695720e-02 -3.374569943635166713e-02 -2.013719849524230748e-02 -1.360595354431326509e-02 -1.654227898745865358e-02 -1.602262016965128738e-02 -1.141169898651347991e-02 -1.534013332262470879e-02 -2.468440942349439671e-02 -2.975378939770628034e-02 -3.174856413529032750e-02 -3.719074221867512547e-02
-3.996940141518449258e-02 -3.669980488711329508e-02 -3.640798626795550136e-02 -3.682669269677880247e-02 -3.713457993152492059e-02 -3.636837080114568854e-02 -3.571734475374735429e-02 -3.495556495979689621e-02 -3.782605049064834829e-02 -3.967855349070820159e-02 -3.247027072615336907e-02 -2.530668267993479298e-02 -2.278124725129738667e-02 -2.127659574468085749e-02 -2.099547511312217785e-02 -2.756260133309311813e-02 -3.628960878031513293e-02 -3.191034305757554229e-02 -2.505508854974297997e-02 -2.472226568612116357e-02 -2.501710896509768897e-02 -2.211960974156549145e-02 -2.415033399398075140e-02 -3.493035805440094371e-02 -4.473703353458934051e-02 -4.530627038782164551e-02 -3.567817420193557937e-02 -2.314073642846745799e-02 -1.773736771500969422e-02 -2.117538744821235996e-02 -1.825621655649985187e-02 -1.125029921008540747e-02 -1.335038772084102057e-02 -2.089169935163691719e-02 -2.869049527167812433e-02 -3.458213256484145293e-02 -4.135941006732927333e-02
-3.840389659048336346e-02 -3.453276534034256662e-02 -3.476806619135643095e-02 -3.792656587472997137e-02 -4.252236898167874313e-02 -4.223456166919065113e-02 -3.825408679777605320e-02 -3.398575055278030971e-02 -3.333875426898685879e-02 -3.480240689543017546e-02 -3.161343161343165009e-02 -2.949285654607733398e-02 -2.955622576475654822e-02 -2.852600900821343141e-02 -2.743142144638410426e-02 -2.884615384615390674e-02 -3.282583824694187274e-02 -3.207643746800891565e-02 -2.888470665248347655e-02 -2.732929038355514859e-02 -2.585679314565481057e-02 -2.421524663677128431e-02 -2.802500919455679085e-02 -3.706946876824284559e-02 -4.238641312236897385e-02 -4.016151128415890170e-02 -3.228115381862430716e-02 -2.459723820483318557e-02 -2.308144663334311952e-02 -2.475210052229201083e-02 -1.890903431639561275e-02 -1.152510262077679169e-02 -1.376800126602312907e-02 -2.177714194881576540e-02 -3.280524883981433132e-02 -4.150943396226414867e-02 -4.394098202047890672e-02
