SOC_LEM/input/hoffman_SOCI.txt
ncols         395
nrows         187
xllcorner     463163
yllcorner     4775989
cellsize      3
NODATA_value  -9999
[rows 0 to 16 of 187, columns 333 to 369 of 395]
-9.999000000000000000e+03 -9.999000000000000000e+03 -9.999000000000000000e+03 -9.999000000000000000e+03 -9.999000000000000000e+03 -9.999000000000000000e+03 -9.999000000000000000e+03 -9.999000000000000000e+03 -9.999000000000000000e+03 -9.999000000000000000e+03 -9.999000000000000000e+03 -9.999000000000000000e+03 -9.999000000000000000e+03 -9.999000000000000000e+03 -9.999000000000000000e+03 -9.999000000000000000e+03 -9.999000000000000000e+03 -9.999000000000000000e+03 -9.999000000000000000e+03 -9.999000000000000000e+03 -9.999000000000000000e+03 -9.999000000000000000e+03 -9.999000000000000000e+03 -9.999000000000000000e+03 -9.999000000000000000e+03 -9.999000000000000000e+03 -9.999000000000000000e+03 -9.999000000000000000e+03 -9.999000000000000000e+03 -9.999000000000000000e+03 -9.999000000000000000e+03 -9.999000000000000000e+03 -9.999000000000000000e+03 -9.999000000000000000e+03 -9.999000000000000000e+03 -9.999000000000000000e+03 -9.999000000000000000e+03
8.197645107307746315e+00 8.041028319200478336e+00 7.897325058733621006e+00 7.777355320512210568e+00 7.496694565785855247e+00 7.203732101319484826e+00 6.987587025199822222e+00 6.910704511489035085e+00 7.260539815143864928e+00 7.805250170499391515e+00 8.113823099538233663e+00 8.320574801630307604e+00 8.344438486755127116e+00 8.220514113108876586e+00 8.062546609681270127e+00 7.760352361050841807e+00 7.475929159666428347e+00 7.163349671502299287e+00 6.860681142579698744e+00 6.865522376140068772e+00 6.906721690635917454e+00 6.923746473805952206e+00 7.122162029899296698e+00 7.243874859432573032e+00 7.385471194128797379e+00 7.632019846446244316e+00 7.880071226437731724e+00 8.215274527149162509e+00 8.427640292147568601e+00 8.470626590880286244e+00 8.547224389923016474e+00 8.239569370753219602e+00 8.025014789250541014e+00 8.421925465679471756e+00 8.699914297211751801e+00 8.766775967703875239e+00 8.766486865393261496e+00
7.758765714914908074e+00 7.493953622310485230e+00 7.321556806812814955e+00 7.226835386491185176e+00 7.023128503750992735e+00 6.675913628170819791e+00 6.399593316704923041e+00 6.324840738667578677e+00 6.446133783562443043e+00 6.719548619737002682e+00 6.952228868504825243e+00 7.077743270904402806e+00 7.167430297942857464e+00 7.159011669781333964e+00 7.030652685082143805e+00 6.806851162441644121e+00 6.608083842196487367e+00 6.420543002437332447e+00 6.330406524010497193e+00 6.465009068738883258e+00 6.615035357013461237e+00 6.777336342372027644e+00 6.894202333812529560e+00 6.876184306146301495e+00 7.092046478754244987e+00 7.404691467258906812e+00 7.641476467378851112e+00 8.062203322500653968e+00 8.413168964871996280e+00 8.650242423730784225e+00 8.878410875331322671e+00 8.676732383070884680e+00 8.576680294104154001e+00 8.881870106769493844e+00 8.979863605182544006e+00 9.051702977643699910e+00 9.042745130247155316e+00
7.552200521381159604e+00 7.178348301448369995e+00 6.864693792372097647e+00 6.646448746863717005e+00 6.451822298466888483e+00 6.118263438391965181e+00 5.730891044611295726e+00 5.587940109644861764e+00 5.728327007664548276e+00 5.909732060857853853e+00 6.021129099668545592e+00 6.088604863256822597e+00 6.128603177893980458e+00 6.028690067889726834e+00 5.869139482557649501e+00 5.669559884316178966e+00 5.494166433167118058e+00 5.418355631792659111e+00 5.539567613768054954e+00 5.834326499593789350e+00 6.146418317837342826e+00 6.508155725422907878e+00 6.733386056072511394e+00 6.813407225638094644e+00 7.122345693723522331e+00 7.394046699135063960e+00 7.529039933844437371e+00 7.882748633746174960e+00 8.257918669231994357e+00 8.533368111643031995e+00 8.704826961764332793e+00 8.691620490817197009e+00 8.827864995688386784e+00 9.129966553784147010e+00 9.232913198140028754e+00 9.348117036242133082e+00 9.362886425818388147e+00
7.287072642208979545e+00 6.893204536098538782e+00 6.564279243199189651e+00 6.278694019404696292e+00 6.028320192671706934e+00 5.704671169499759387e+00 5.290371585758080641e+00 5.075442466661881369e+00 5.125338196520468514e+00 5.171377844880442609e+00 5.134996859743571562e+00 5.223036328201638767e+00 5.312855649708053463e+00 5.181488575520639017e+00 5.012140986074156146e+00 4.796777903559426903e+00 4.647697315328649381e+00 4.704675633471383733e+00 4.884449631154378579e+00 5.138980113379084003e+00 5.438396918683185532e+00 5.822903254579363974e+00 6.186978602515214476e+00 6.516996418385847534e+00 6.950582248070453772e+00 7.266559128105750887e+00 7.538782985114806934e+00 7.933125655333903126e+00 8.242119482704769240e+00 8.383634349686406750e+00 8.419382448667715124e+00 8.410039546866972415e+00 8.471707137476812477e+00 8.759581610206069513e+00 9.042275840848205348e+00 9.172760236161547454e+00 9.300093045520593904e+00
6.911303693663716885e+00 6.521373091886067286e+00 6.241098245324653959e+00 5.995437418920381845e+00 5.747898573609480977e+00 5.402113306312825713e+00 5.019746831475108806e+00 4.789247651580989640e+00 4.689889019749490018e+00 4.542180005218609651e+00 4.375278760692479452e+00 4.491488747509963630e+00 4.629200435161012095e+00 4.533818316095148404e+00 4.419376361495189087e+00 4.241442581751922347e+00 4.098957275293615865e+00 4.157013568071826981e+00 4.322239007426441404e+00 4.574683753656964669e+00 4.890840611978159558e+00 5.217388604338024649e+00 5.609619023248805902e+00 6.070849819532499581e+00 6.546051056366588128e+00 6.950792626133640795e+00 7.421510185910200619e+00 7.944961572650413473e+00 8.266985262966887404e+00 8.377089900121543309e+00 8.346080125342126621e+00 8.288379647851115806e+00 8.250283489177707708e+00 8.369411437541621979e+00 8.528282930853492871e+00 8.602423766585165055e+00 8.805582249144045193e+00
6.526279024760924585e+00 6.177462142153830271e+00 5.890576701019780259e+00 5.640042917889338980e+00 5.419263193313623717e+00 5.098233875697188111e+00 4.751551772589506228e+00 4.555935504873664499e+00 4.433232528422299978e+00 4.199219065543553953e+00 3.953009521873223520e+00 3.959470401043587273e+00 4.021146009268084853e+00 3.945081645855088581e+00 3.858504345113507483e+00 3.768194083684635487e+00 3.653349047209909273e+00 3.646656628324507210e+00 3.807001150357406161e+00 4.075157580181008043e+00 4.370618315171919122e+00 4.654484997625027987e+00 5.058167703323665165e+00 5.608431925858360145e+00 6.203966214728691142e+00 6.795922942896407193e+00 7.455935796860337916e+00 7.964944451352820920e+00 8.281188478723681357e+00 8.476757126612351811e+00 8.359641426641804429e+00 8.204829171476674787e+00 8.189226895865967748e+00 8.189708218752642210e+00 8.150570868870445906e+00 8.157415188153890995e+00 8.405847657089029923e+00
6.218191232004038227e+00 5.899026706328150738e+00 5.593120638157660807e+00 5.304066506469871101e+00 5.065554902567768636e+00 4.806293937012164008e+00 4.520964635756236305e+00 4.285500572632594540e+00 4.110468815020542621e+00 3.938918428478942246e+00 3.746039199228469840e+00 3.626913129049055939e+00 3.572466840039085767e+00 3.478161525387914565e+00 3.361123850183362904e+00 3.269816553274003113e+00 3.158620029079076019e+00 3.183037578053470540e+00 3.357163630934108411e+00 3.523678693070284140e+00 3.796301376121119731e+00 4.154860962678528225e+00 4.582619802373132600e+00 5.143884837883314631e+00 5.767151140052172664e+00 6.454608596654535901e+00 7.243744176092150155e+00 7.808346936802255556e+00 8.193230331210312301e+00 8.494952848976105031e+00 8.413575787703209130e+00 8.248999180560311117e+00 8.246514753112645479e+00 8.222840877984953778e+00 8.090220183147323496e+00 7.931437434035160550e+00 8.023846144541256109e+00
5.980477778456872784e+00 5.686536479027862967e+00 5.358149423491649799e+00 5.042623857142903177e+00 4.763127821755823277e+00 4.493060917590884884e+00 4.224779777007368509e+00 3.928387813415087138e+00 3.694904671330517587e+00 3.590290024347662978e+00 3.500840292098708062e+00 3.348828083507790154e+00 3.205705389250134374e+00 3.054232331691659752e+00 2.872186768825148562e+00 2.700365292222848268e+00 2.573464863375727774e+00 2.657450115775615629e+00 2.854342550112782817e+00 2.992920221706505401e+00 3.307171395008174031e+00 3.767993581875662912e+00 4.240327294605851449e+00 4.777363638755691255e+00 5.362803209049857855e+00 6.004995101957520731e+00 6.738811596198770459e+00 7.430444272555384089e+00 7.906388105115055964e+00 8.183367377728746561e+00 8.260650035343097386e+00 8.248255895004174221e+00 8.276983388538891262e+00 8.231957272414952342e+00 8.067997042947325781e+00 7.904805588807512606e+00 7.893127459846127181e+00
5.772505224802104706e+00 5.446260504431144511e+00 5.052904718483722135e+00 4.719467208340658360e+00 4.447239271154991513e+00 4.163066650910382194e+00 3.911388361254715562e+00 3.645477154488222737e+00 3.422986493613118242e+00 3.335988939221948613e+00 3.281147891999419031e+00 3.122456715813868300e+00 2.905055438003198987e+00 2.682122768565246673e+00 2.405062449751302012e+00 2.163673013878456786e+00 2.059480124959165437e+00 2.137882673946862155e+00 2.357744419751698572e+00 2.610633851103333569e+00 2.958411252868661023e+00 3.377087004583531282e+00 3.878462525629672086e+00 4.468230694043453965e+00 5.059124830890661784e+00 5.669890333076144984e+00 6.305918569640114768e+00 6.945610963542131699e+00 7.404035378915462928e+00 7.704890407000537067e+00 7.970905528569691256e+00 8.171734140103271926e+00 8.332809846686185296e+00 8.332179358145463510e+00 8.187569571172897298e+00 8.131989715171219046e+00 8.097706919725538910e+00
5.545556338278018416e+00 5.119777796205859488e+00 4.718488161654015300e+00 4.410723083769362063e+00 4.152858751662819259e+00 3.886569789678450348e+00 3.679136559400504325e+00 3.496089211816425291e+00 3.299785851132241987e+00 3.151051472350431482e+00 3.058863776398283107e+00 2.882150617496643363e+00 2.663880842501299639e+00 2.445491648553828057e+00 2.114211509178657522e+00 1.816884105885428369e+00 1.703775770588626060e+00 1.763119468602964091e+00 1.998302029904108323e+00 2.316772167699017615e+00 2.617306680110889516e+00 2.991814540665314937e+00 3.563514817268513823e+00 4.203426550105499260e+00 4.718368390933822099e+00 5.290136326791474275e+00 5.895698933929747199e+00 6.445335414515193762e+00 6.916695625720576501e+00 7.351441984885585867e+00 7.789670298323784436e+00 8.155799510376308348e+00 8.383587441918997740e+00 8.441686768605631386e+00 8.382488452786294175e+00 8.375953032435749179e+00 8.327095381668769392e+00
5.357945597561920792e+00 4.871545414787306072e+00 4.468887749274470522e+00 4.122924318013909684e+00 3.901791505148679562e+00 3.710396238760690579e+00 3.513651090627735840e+00 3.351032021610480527e+00 3.183371094716454408e+00 3.027746649312636151e+00 2.891488502624349977e+00 2.675356653208195823e+00 2.476289447143731337e+00 2.255864156830126532e+00 1.914040693103240542e+00 1.627881163812801901e+00 1.507219182736271534e+00 1.568604094502195068e+00 1.790861597488984103e+00 2.045544966133133968e+00 2.286381469038623493e+00 2.669908415821842240e+00 3.305515917088733602e+00 3.921444815102381298e+00 4.364287590358729929e+00 4.920660043490968860e+00 5.509665911439322272e+00 5.984357849219470893e+00 6.432249231035610748e+00 6.963392330413709530e+00 7.520014999537906419e+00 7.964456175540806981e+00 8.234079462568992369e+00 8.409339941947543196e+00 8.487671577361101782e+00 8.512174190277640662e+00 8.489508807385725220e+00
5.314249744547122845e+00 4.766393742297919900e+00 4.308850694304556583e+00 3.906711538920459859e+00 3.714941491566461806e+00 3.574952916935624003e+00 3.380589541265848652e+00 3.214861468120172816e+00 3.084369118758164774e+00 3.017161352452568224e+00 2.918565384485619418e+00 2.713056380390455047e+00 2.537147723881345129e+00 2.253826528354842651e+00 1.851322684830845944e+00 1.598280880947951843e+00 1.454508747226265442e+00 1.421794796549134432e+00 1.558857754398989215e+00 1.773620345707765722e+00 2.011720694710005475e+00 2.381845394951147554e+00 2.947672369530161873e+00 3.516062820960886626e+00 4.001748247861222296e+00 4.553375625338917487e+00 5.089328423675187452e+00 5.492132590333978825e+00 5.910306861585031157e+00 6.503056902436345155e+00 7.081228888727197912e+00 7.609065301088616451e+00 8.043087438682494650e+00 8.349298194964354991e+00 8.517512438938872776e+00 8.559041088514142359e+00 8.496793645229228531e+00
5.379393037522405052e+00 4.767464477028221737e+00 4.274708675007781622e+00 3.862106992072506628e+00 3.595553895176944792e+00 3.463532928488588070e+00 3.339182955299561328e+00 3.211158886688876279e+00 3.103361932005425317e+00 3.063408351359980131e+00 3.002493509092097668e+00 2.858713626794925133e+00 2.749363942738883182e+00 2.476848989110440158e+00 2.061220014660198885e+00 1.770560654494991226e+00 1.530813113267635472e+00 1.355353681662338161e+00 1.370273534208616084e+00 1.564785465650553320e+00 1.828287863548295533e+00 2.149665333422825952e+00 2.599879772442026393e+00 3.122021368403018471e+00 3.665105522016805395e+00 4.194966827933093612e+00 4.677820823830952435e+00 5.094555138562109065e+00 5.564490140334477530e+00 6.156625842124540782e+00 6.740158512170415506e+00 7.447986247619937217e+00 8.070106324294474831e+00 8.342422554180664918e+00 8.485543011089802690e+00 8.553270288408974409e+00 8.460464554712039842e+00
5.418616155908674514e+00 4.823855594628488674e+00 4.340869548976581171e+00 3.911431532184897364e+00 3.585205599354416961e+00 3.489495739848058165e+00 3.424152528905189286e+00 3.335932477039598609e+00 3.276763829780147574e+00 3.214024990368665513e+00 3.105115752632368498e+00 2.945289014627022084e+00 2.814394283861313184e+00 2.606333527564293817e+00 2.291118643644249886e+00 1.966323754476475116e+00 1.669106943537819632e+00 1.438246108043275129e+00 1.359599308355239344e+00 1.463462837315319121e+00 1.680301313587225565e+00 1.978345427713161797e+00 2.376918526556455191e+00 2.866725459059907166e+00 3.409899775947330625e+00 3.931119886090863602e+00 4.405835280926204689e+00 4.897097474216367985e+00 5.457296342664930577e+00 6.082287832746946066e+00 6.719181679280254116e+00 7.444795657263220789e+00 8.030359969395330921e+00 8.254540191312070618e+00 8.395614570130476295e+00 8.509431474901209214e+00 8.441766034682732567e+00
5.346325471455182665e+00 4.823766658231996018e+00 4.393097132837741725e+00 3.952418130693180487e+00 3.666075055549944395e+00 3.609691856856082737e+00 3.545973666757531007e+00 3.557281414619088977e+00 3.574116849953313135e+00 3.443109858435921211e+00 3.273534328392205595e+00 3.077964469884632237e+00 2.890987209087711562e+00 2.704239433545458482e+00 2.451707897091621291e+00 2.123048081359872441e+00 1.796772373603932493e+00 1.562947951571297622e+00 1.415242426289559319e+00 1.392355669048235711e+00 1.551073486207499741e+00 1.863651139232791465e+00 2.265239966989314624e+00 2.716928248509830723e+00 3.249462757085977316e+00 3.800216632188242016e+00 4.303815517255625167e+00 4.810085464740064154e+00 5.406738918209603284e+00 6.135154815741817202e+00 6.810010577834217926e+00 7.329218162991399055e+00 7.791506973675026870e+00 8.107747992456115327e+00 8.255037628658723037e+00 8.323184173250208318e+00 8.296584411164683814e+00
5.268427302150978875e+00 4.810304210783067802e+00 4.412058189779788364e+00 3.895899001402577611e+00 3.585830584040904156e+00 3.552581929749976553e+00 3.552069205353943104e+00 3.684400485589536700e+00 3.751479807855442772e+00 3.569473850519610636e+00 3.382559487435896628e+00 3.193527623041543251e+00 2.991666313785747988e+00 2.810855374352181357e+00 2.628789002428513655e+00 2.382977504623003284e+00 2.082904268923904567e+00 1.801137191405594251e+00 1.565901125052674203e+00 1.415157941170727796e+00 1.500706886795546424e+00 1.823277322029573710e+00 2.228119696049914111e+00 2.637108115963750166e+00 3.129370292280899690e+00 3.718039727943400763e+00 4.267599371392671870e+00 4.756212648932311993e+00 5.320699751857439708e+00 6.042145681974862015e+00 6.682537200829623103e+00 7.116935480900753674e+00 7.608756984854437633e+00 7.968895216630777156e+00 8.047358020409657087e+00 8.041940097456993897e+00 8.092268648420830601e+00
