SOC_LEM/input/hoffman_DEM.txt
ncols         395
nrows         187
xllcorner     463163
yllcorner     4775989
cellsize      3
NODATA_value  -9999
[rows 153 to 169 of 187, columns 0 to 36 of 395]
-9.999000000000000000e+03 3.850899999999999750e+02 3.850500000000000114e+02 3.850500000000000114e+02 3.850799999999999841e+02 3.850299999999999727e+02 3.850299999999999727e+02 3.850400000000000205e+02 3.850199999999999818e+02 3.849499999999999886e+02 3.848799999999999955e+02 3.848299999999999841e+02 3.847200000000000273e+02 3.846499999999999773e+02 3.846000000000000227e+02 3.845099999999999909e+02 3.844800000000000182e+02 3.844800000000000182e+02 3.844499999999999886e+02 3.844200000000000159e+02 3.843799999999999955e+02 3.843399999999999750e+02 3.843500000000000227e+02 3.843199999999999932e+02 3.842500000000000000e+02 3.841899999999999977e+02 3.841700000000000159e+02 3.840500000000000114e+02 3.839700000000000273e+02 3.839499999999999886e+02 3.838500000000000227e+02 3.838100000000000023e+02 3.838500000000000227e+02 3.838000000000000114e+02 3.837900000000000205e+02 3.837699999999999818e+02 3.837099999999999795e+02
-9.999000000000000000e+03 3.849800000000000182e+02 3.849399999999999977e+02 3.849900000000000091e+02 3.849700000000000273e+02 3.849599999999999795e+02 3.849399999999999977e+02 3.849599999999999795e+02 3.848999999999999773e+02 3.848299999999999841e+02 3.848000000000000114e+02 3.846999999999999886e+02 3.845899999999999750e+02 3.845699999999999932e+02 3.845000000000000000e+02 3.843999999999999773e+02 3.843500000000000227e+02 3.843399999999999750e+02 3.843500000000000227e+02 3.842799999999999727e+02 3.842300000000000182e+02 3.841899999999999977e+02 3.841700000000000159e+02 3.841800000000000068e+02 3.840699999999999932e+02 3.840199999999999818e+02 3.839900000000000091e+02 3.838899999999999864e+02 3.838399999999999750e+02 3.837699999999999818e+02 3.837099999999999795e+02 3.836999999999999886e+02 3.836899999999999977e+02 3.836499999999999773e+02 3.836200000000000045e+02 3.836600000000000250e+02 3.835899999999999750e+02
-9.999000000000000000e+03 3.849100000000000250e+02 3.848899999999999864e+02 3.848999999999999773e+02 3.848999999999999773e+02 3.848999999999999773e+02 3.848899999999999864e+02 3.848799999999999955e+02 3.848299999999999841e+02 3.848100000000000023e+02 3.847300000000000182e+02 3.846100000000000136e+02 3.845400000000000205e+02 3.844599999999999795e+02 3.843700000000000045e+02 3.843000000000000114e+02 3.842400000000000091e+02 3.842400000000000091e+02 3.841999999999999886e+02 3.841600000000000250e+02 3.841200000000000045e+02 3.840699999999999932e+02 3.840500000000000114e+02 3.840299999999999727e+02 3.839300000000000068e+02 3.838500000000000227e+02 3.838500000000000227e+02 3.837500000000000000e+02 3.836600000000000250e+02 3.836100000000000136e+02 3.835899999999999750e+02 3.835400000000000205e+02 3.835400000000000205e+02 3.835199999999999818e+02 3.834900000000000091e+02 3.834900000000000091e+02 3.834300000000000068e+02
-9.999000000000000000e+03 3.848500000000000227e+02 3.848399999999999750e+02 3.848299999999999841e+02 3.848600000000000136e+02 3.848500000000000227e+02 3.848600000000000136e+02 3.848600000000000136e+02 3.847900000000000205e+02 3.847699999999999818e+02 3.846899999999999977e+02 3.845699999999999932e+02 3.845000000000000000e+02 3.844100000000000250e+02 3.843199999999999932e+02 3.842599999999999909e+02 3.841600000000000250e+02 3.841399999999999864e+02 3.841499999999999773e+02 3.840799999999999841e+02 3.840199999999999818e+02 3.839399999999999977e+02 3.838999999999999773e+02 3.838899999999999864e+02 3.838100000000000023e+02 3.837400000000000091e+02 3.836899999999999977e+02 3.836299999999999955e+02 3.835600000000000023e+02 3.834599999999999795e+02 3.834300000000000068e+02 3.834100000000000250e+02 3.833799999999999955e+02 3.833999999999999773e+02 3.833500000000000227e+02 3.833399999999999750e+02 3.833100000000000023e+02
-9.999000000000000000e+03 3.847799999999999727e+02 3.847699999999999818e+02 3.847900000000000205e+02 3.848100000000000023e+02 3.847799999999999727e+02 3.847900000000000205e+02 3.848100000000000023e+02 3.847300000000000182e+02 3.847400000000000091e+02 3.846299999999999955e+02 3.845099999999999909e+02 3.844300000000000068e+02 3.843100000000000023e+02 3.842099999999999795e+02 3.841600000000000250e+02 3.840500000000000114e+02 3.840600000000000023e+02 3.840600000000000023e+02 3.839300000000000068e+02 3.838999999999999773e+02 3.838700000000000045e+02 3.838000000000000114e+02 3.837900000000000205e+02 3.836899999999999977e+02 3.836499999999999773e+02 3.835799999999999841e+02 3.835500000000000114e+02 3.834499999999999886e+02 3.833299999999999841e+02 3.833600000000000136e+02 3.833100000000000023e+02 3.832699999999999818e+02 3.832699999999999818e+02 3.832500000000000000e+02 3.831999999999999886e+02 3.831700000000000159e+02
-9.999000000000000000e+03 3.847500000000000000e+02 3.847200000000000273e+02 3.847500000000000000e+02 3.847500000000000000e+02 3.847799999999999727e+02 3.847799999999999727e+02 3.847400000000000091e+02 3.846899999999999977e+02 3.847099999999999795e+02 3.846100000000000136e+02 3.844900000000000091e+02 3.843799999999999955e+02 3.842599999999999909e+02 3.841800000000000068e+02 3.841100000000000136e+02 3.840299999999999727e+02 3.839700000000000273e+02 3.839700000000000273e+02 3.839100000000000250e+02 3.838000000000000114e+02 3.838100000000000023e+02 3.837200000000000273e+02 3.836499999999999773e+02 3.836299999999999955e+02 3.835699999999999932e+02 3.834599999999999795e+02 3.834499999999999886e+02 3.833199999999999932e+02 3.832500000000000000e+02 3.832799999999999727e+02 3.832099999999999795e+02 3.831700000000000159e+02 3.831700000000000159e+02 3.831299999999999955e+02 3.830699999999999932e+02 3.830600000000000023e+02
-9.999000000000000000e+03 3.846899999999999977e+02 3.846899999999999977e+02 3.846600000000000250e+02 3.847099999999999795e+02 3.847200000000000273e+02 3.847599999999999909e+02 3.846800000000000068e+02 3.846499999999999773e+02 3.846499999999999773e+02 3.845199999999999818e+02 3.844200000000000159e+02 3.842699999999999818e+02 3.841800000000000068e+02 3.840899999999999750e+02 3.840400000000000205e+02 3.839499999999999886e+02 3.839300000000000068e+02 3.838899999999999864e+02 3.838199999999999932e+02 3.837200000000000273e+02 3.836700000000000159e+02 3.836399999999999864e+02 3.836000000000000227e+02 3.835400000000000205e+02 3.834599999999999795e+02 3.833799999999999955e+02 3.833799999999999955e+02 3.832400000000000091e+02 3.831499999999999773e+02 3.831800000000000068e+02 3.830899999999999750e+02 3.830699999999999932e+02 3.831100000000000136e+02 3.830400000000000205e+02 3.830000000000000000e+02 3.829800000000000182e+02
-9.999000000000000000e+03 3.846700000000000159e+02 3.846600000000000250e+02 3.846600000000000250e+02 3.846700000000000159e+02 3.847200000000000273e+02 3.847300000000000182e+02 3.846899999999999977e+02 3.846499999999999773e+02 3.846399999999999864e+02 3.845099999999999909e+02 3.844300000000000068e+02 3.842799999999999727e+02 3.841600000000000250e+02 3.840699999999999932e+02 3.840199999999999818e+02 3.839200000000000159e+02 3.838500000000000227e+02 3.838299999999999841e+02 3.837599999999999909e+02 3.836299999999999955e+02 3.836200000000000045e+02 3.835400000000000205e+02 3.834900000000000091e+02 3.834599999999999795e+02 3.833500000000000227e+02 3.832699999999999818e+02 3.832699999999999818e+02 3.831600000000000250e+02 3.830600000000000023e+02 3.830799999999999841e+02 3.830299999999999727e+02 3.829900000000000091e+02 3.830099999999999909e+02 3.829499999999999886e+02 3.829100000000000250e+02 3.828899999999999864e+02
-9.999000000000000000e+03 3.845799999999999841e+02 3.845899999999999750e+02 3.846200000000000045e+02 3.846499999999999773e+02 3.846899999999999977e+02 3.846999999999999886e+02 3.846999999999999886e+02 3.846600000000000250e+02 3.846499999999999773e+02 3.845000000000000000e+02 3.843799999999999955e+02 3.842599999999999909e+02 3.841299999999999955e+02 3.840299999999999727e+02 3.839599999999999795e+02 3.838700000000000045e+02 3.838100000000000023e+02 3.837900000000000205e+02 3.836800000000000068e+02 3.835799999999999841e+02 3.835500000000000114e+02 3.834800000000000182e+02 3.834100000000000250e+02 3.833799999999999955e+02 3.832599999999999909e+02 3.832099999999999795e+02 3.831899999999999977e+02 3.830500000000000114e+02 3.830099999999999909e+02 3.830099999999999909e+02 3.829399999999999977e+02 3.828899999999999864e+02 3.829399999999999977e+02 3.828700000000000045e+02 3.828299999999999841e+02 3.827799999999999727e+02
-9.999000000000000000e+03 3.845699999999999932e+02 3.845600000000000023e+02 3.845799999999999841e+02 3.846100000000000136e+02 3.846600000000000250e+02 3.846700000000000159e+02 3.846899999999999977e+02 3.846299999999999955e+02 3.845899999999999750e+02 3.845000000000000000e+02 3.843799999999999955e+02 3.842099999999999795e+02 3.840899999999999750e+02 3.840099999999999909e+02 3.838999999999999773e+02 3.838299999999999841e+02 3.837599999999999909e+02 3.836899999999999977e+02 3.836200000000000045e+02 3.835199999999999818e+02 3.834800000000000182e+02 3.833799999999999955e+02 3.833399999999999750e+02 3.832599999999999909e+02 3.831999999999999886e+02 3.831600000000000250e+02 3.830899999999999750e+02 3.830099999999999909e+02 3.829499999999999886e+02 3.829100000000000250e+02 3.828799999999999955e+02 3.828299999999999841e+02 3.828500000000000227e+02 3.828100000000000023e+02 3.827200000000000273e+02 3.826600000000000250e+02
-9.999000000000000000e+03 3.845600000000000023e+02 3.845799999999999841e+02 3.845600000000000023e+02 3.846100000000000136e+02 3.846499999999999773e+02 3.846499999999999773e+02 3.846800000000000068e+02 3.846100000000000136e+02 3.846200000000000045e+02 3.845000000000000000e+02 3.843799999999999955e+02 3.842799999999999727e+02 3.841000000000000227e+02 3.840099999999999909e+02 3.839200000000000159e+02 3.838000000000000114e+02 3.837300000000000182e+02 3.836399999999999864e+02 3.835500000000000114e+02 3.834599999999999795e+02 3.834300000000000068e+02 3.833700000000000045e+02 3.832599999999999909e+02 3.831999999999999886e+02 3.831100000000000136e+02 3.830400000000000205e+02 3.830099999999999909e+02 3.829200000000000159e+02 3.828600000000000136e+02 3.828399999999999750e+02 3.828100000000000023e+02 3.827699999999999818e+02 3.827599999999999909e+02 3.827300000000000182e+02 3.826600000000000250e+02 3.826100000000000136e+02
-9.999000000000000000e+03 3.845400000000000205e+02 3.845400000000000205e+02 3.845600000000000023e+02 3.845799999999999841e+02 3.846200000000000045e+02 3.846800000000000068e+02 3.846600000000000250e+02 3.846200000000000045e+02 3.846399999999999864e+02 3.845799999999999841e+02 3.844300000000000068e+02 3.843100000000000023e+02 3.841899999999999977e+02 3.840299999999999727e+02 3.839399999999999977e+02 3.837900000000000205e+02 3.837300000000000182e+02 3.836600000000000250e+02 3.835600000000000023e+02 3.834499999999999886e+02 3.833799999999999955e+02 3.833299999999999841e+02 3.832300000000000182e+02 3.831200000000000045e+02 3.830899999999999750e+02 3.830000000000000000e+02 3.829499999999999886e+02 3.828799999999999955e+02 3.828199999999999932e+02 3.828000000000000114e+02 3.827799999999999727e+02 3.827400000000000091e+02 3.826999999999999886e+02 3.826700000000000159e+02 3.826299999999999955e+02 3.825500000000000114e+02
-9.999000000000000000e+03 3.845099999999999909e+02 3.845199999999999818e+02 3.845899999999999750e+02 3.846100000000000136e+02 3.846600000000000250e+02 3.846700000000000159e+02 3.846600000000000250e+02 3.846700000000000159e+02 3.846399999999999864e+02 3.846399999999999864e+02 3.844599999999999795e+02 3.843500000000000227e+02 3.841999999999999886e+02 3.840400000000000205e+02 3.838799999999999955e+02 3.837900000000000205e+02 3.837099999999999795e+02 3.836200000000000045e+02 3.835199999999999818e+02 3.833899999999999864e+02 3.833299999999999841e+02 3.832799999999999727e+02 3.831700000000000159e+02 3.830500000000000114e+02 3.830299999999999727e+02 3.829200000000000159e+02 3.828999999999999773e+02 3.828399999999999750e+02 3.827900000000000205e+02 3.827599999999999909e+02 3.827500000000000000e+02 3.826999999999999886e+02 3.826399999999999864e+02 3.826299999999999955e+02 3.825600000000000023e+02 3.825099999999999909e+02
-9.999000000000000000e+03 3.845000000000000000e+02 3.845299999999999727e+02 3.846100000000000136e+02 3.846299999999999955e+02 3.846700000000000159e+02 3.846999999999999886e+02 3.847400000000000091e+02 3.847400000000000091e+02 3.847400000000000091e+02 3.846899999999999977e+02 3.845400000000000205e+02 3.843999999999999773e+02 3.842500000000000000e+02 3.840699999999999932e+02 3.839300000000000068e+02 3.838299999999999841e+02 3.837300000000000182e+02 3.836299999999999955e+02 3.835400000000000205e+02 3.833700000000000045e+02 3.833199999999999932e+02 3.832500000000000000e+02 3.831100000000000136e+02 3.830199999999999818e+02 3.830000000000000000e+02 3.829100000000000250e+02 3.828700000000000045e+02 3.828000000000000114e+02 3.827200000000000273e+02 3.827200000000000273e+02 3.827200000000000273e+02 3.826600000000000250e+02 3.826200000000000045e+02 3.825699999999999932e+02 3.825400000000000205e+02 3.824399999999999977e+02
-9.999000000000000000e+03 3.845099999999999909e+02 3.845400000000000205e+02 3.846000000000000227e+02 3.846299999999999955e+02 3.847099999999999795e+02 3.847099999999999795e+02 3.847799999999999727e+02 3.847799999999999727e+02 3.847799999999999727e+02 3.847099999999999795e+02 3.845899999999999750e+02 3.844499999999999886e+02 3.843399999999999750e+02 3.841200000000000045e+02 3.839900000000000091e+02 3.838999999999999773e+02 3.837300000000000182e+02 3.836600000000000250e+02 3.835500000000000114e+02 3.833899999999999864e+02 3.833199999999999932e+02 3.832599999999999909e+02 3.831000000000000227e+02 3.830500000000000114e+02 3.829900000000000091e+02 3.828899999999999864e+02 3.828600000000000136e+02 3.828000000000000114e+02 3.827300000000000182e+02 3.827200000000000273e+02 3.827200000000000273e+02 3.826399999999999864e+02 3.826399999999999864e+02 3.826100000000000136e+02 3.825299999999999727e+02 3.824599999999999795e+02
-9.999000000000000000e+03 3.845000000000000000e+02 3.845500000000000114e+02 3.845600000000000023e+02 3.845600000000000023e+02 3.846299999999999955e+02 3.846800000000000068e+02 3.847400000000000091e+02 3.847500000000000000e+02 3.847900000000000205e+02 3.847300000000000182e+02 3.846000000000000227e+02 3.845199999999999818e+02 3.843500000000000227e+02 3.841399999999999864e+02 3.839800000000000182e+02 3.838500000000000227e+02 3.837300000000000182e+02 3.836700000000000159e+02 3.835000000000000000e+02 3.833500000000000227e+02 3.832200000000000273e+02 3.831700000000000159e+02 3.830600000000000023e+02 3.829700000000000273e+02 3.829300000000000068e+02 3.828500000000000227e+02 3.828199999999999932e+02 3.827799999999999727e+02 3.826800000000000068e+02 3.826700000000000159e+02 3.826600000000000250e+02 3.825899999999999750e+02 3.825799999999999841e+02 3.825799999999999841e+02 3.824900000000000091e+02 3.824399999999999977e+02
-9.999000000000000000e+03 3.844200000000000159e+02 3.844599999999999795e+02 3.844800000000000182e+02 3.845400000000000205e+02 3.845899999999999750e+02 3.846700000000000159e+02 3.847300000000000182e+02 3.847400000000000091e+02 3.847699999999999818e+02 3.847200000000000273e+02 3.846499999999999773e+02 3.845299999999999727e+02 3.843899999999999864e+02 3.841999999999999886e+02 3.839900000000000091e+02 3.838799999999999955e+02 3.837400000000000091e+02 3.836299999999999955e+02 3.835099999999999909e+02 3.833399999999999750e+02 3.832200000000000273e+02 3.831600000000000250e+02 3.830199999999999818e+02 3.829499999999999886e+02 3.828899999999999864e+02 3.828399999999999750e+02 3.827900000000000205e+02 3.826999999999999886e+02 3.826600000000000250e+02 3.826399999999999864e+02 3.826299999999999955e+02 3.825699999999999932e+02 3.825299999999999727e+02 3.825600000000000023e+02 3.824499999999999886e+02 3.823999999999999773e+02
