SOC_LEM/input/hoffman_NDVI.txt
ncols         395
nrows         187
xllcorner     463163
yllcorner     4775989
cellsize      3
NODATA_value  -9999
[rows 0 to 15 of 187, columns 148 to 184 of 395]
-9.999000000000000000e+03 -9.999000000000000000e+03 -9.999000000000000000e+03 -9.999000000000000000e+03 -9.999000000000000000e+03 -9.999000000000000000e+03 -9.999000000000000000e+03 -9.999000000000000000e+03 -9.999000000000000000e+03 -9.999000000000000000e+03 -9.999000000000000000e+03 -9.999000000000000000e+03 -9.999000000000000000e+03 -9.999000000000000000e+03 -9.999000000000000000e+03 -9.999000000000000000e+03 -9.999000000000000000e+03 -9.999000000000000000e+03 -9.999000000000000000e+03 -9.999000000000000000e+03 -9.999000000000000000e+03 -9.999000000000000000e+03 -9.999000000000000000e+03 -9.999000000000000000e+03 -9.999000000000000000e+03 -9.999000000000000000e+03 -9.999000000000000000e+03 -9.999000000000000000e+03 -9.999000000000000000e+03 -9.999000000000000000e+03 -9.999000000000000000e+03 -9.999000000000000000e+03 -9.999000000000000000e+03 -9.999000000000000000e+03 -9.999000000000000000e+03 -9.999000000000000000e+03 -9.999000000000000000e+03
-1.627681362509426216e-02 -2.476478858008003547e-02 -3.544248749728209219e-02 -3.304613371141899153e-02 -2.228472522717430543e-02 -1.703632272581167423e-02 -1.964995168044671517e-02 -3.045410209168752935e-02 -3.591433278418448144e-02 -3.155555555555554503e-02 -2.779315690399734168e-02 -2.835079977937120591e-02 -3.464357095269817582e-02 -4.880766659237790323e-02 -5.131052865393150031e-02 -4.336399474375825930e-02 -3.685344827586213567e-02 -3.217530732228753021e-02 -3.390370921458175923e-02 -3.704483266680695663e-02 -3.186299948105862645e-02 -2.474289787190714004e-02 -2.609042023501294272e-02 -3.141822452774793717e-02 -3.340757238307355548e-02 -3.440410568333013286e-02 -3.024118738404458703e-02 -2.502958041321561022e-02 -2.867965367965365914e-02 -3.759942154736075487e-02 -4.493665117126972169e-02 -4.840504451038575573e-02 -4.323040380047499937e-02 -3.447602304912594784e-02 -3.133159268929501529e-02 -3.266357547655854288e-02 -3.167610656597439484e-02
-2.232190537220977988e-02 -3.004291845493561527e-02 -3.875134553283106353e-02 -3.517803517803515245e-02 -2.420462953176198348e-02 -1.570023027004400357e-02 -1.436510433050230094e-02 -2.427235473363456228e-02 -3.288569313735855565e-02 -3.385276732939277583e-02 -3.149863760217982284e-02 -3.421718560897786532e-02 -4.414544645835644099e-02 -5.476992143658811901e-02 -5.354136266696600532e-02 -4.524284763805715842e-02 -4.002624671916016341e-02 -3.655494088295917210e-02 -3.590296495956880191e-02 -3.506341255462003259e-02 -2.994137353433835164e-02 -2.580909463334698714e-02 -3.007894473868290286e-02 -3.702252693437810965e-02 -4.110382091856429332e-02 -4.325651681148471456e-02 -3.896103896103899483e-02 -3.447653429602883651e-02 -3.725542749932996694e-02 -4.025044722719143403e-02 -4.100660812890370710e-02 -4.577822990844354623e-02 -4.802581624905086916e-02 -4.415787416959751632e-02 -4.163314561544644021e-02 -4.362173868206665334e-02 -4.419773774612478778e-02
-3.010526315789472870e-02 -3.545348714149643143e-02 -4.222669065509572495e-02 -3.787878787878784514e-02 -2.915240170142130438e-02 -2.228154841359474697e-02 -2.128966223132029364e-02 -2.774943889002243549e-02 -3.627049180327874406e-02 -3.935524387691015369e-02 -3.726774782515301226e-02 -4.047254430102827788e-02 -4.649610678531695268e-02 -4.876947392187856029e-02 -4.475587703435798120e-02 -4.064314426083068255e-02 -4.103242885506282189e-02 -4.127332601536778250e-02 -3.888706320517039405e-02 -3.293607800650062006e-02 -2.494427343169515823e-02 -2.307771913484426771e-02 -2.946796741426127228e-02 -3.507909993121750142e-02 -3.853564547206169560e-02 -4.236490303144418990e-02 -4.272718919415603722e-02 -4.155773911475706822e-02 -4.281127363539066061e-02 -4.175198077094276899e-02 -3.803414942632572099e-02 -4.083905698904773118e-02 -4.837173871643496437e-02 -5.121188428459733794e-02 -5.060240963855422436e-02 -4.906902582038886323e-02 -4.462982273201254041e-02
-3.813953488372098105e-02 -4.187883196508369182e-02 -4.609634551495019050e-02 -3.961932347160447565e-02 -3.198687717859347024e-02 -3.057918185500200364e-02 -3.157894736842102590e-02 -3.349282296650714363e-02 -3.959208158368320712e-02 -4.150943396226419030e-02 -3.926096997690527168e-02 -4.134729569254026738e-02 -4.522278873863881665e-02 -4.486382642106446356e-02 -4.012695533892536581e-02 -3.850039286115160275e-02 -4.207479964381116710e-02 -4.567736185383237946e-02 -4.505911220165061820e-02 -3.620556839440956798e-02 -2.203590239707623258e-02 -1.666841387986165920e-02 -2.244897959183674366e-02 -2.962815669119107584e-02 -3.535108958837777232e-02 -4.238884702336098015e-02 -4.712907671107028490e-02 -4.713743904641502086e-02 -4.523511532272483232e-02 -4.067070995362113972e-02 -3.563031289564112108e-02 -3.570434943893169288e-02 -4.306583191045336434e-02 -5.147630147630147257e-02 -5.295825407948751701e-02 -4.972262173823711884e-02 -4.402907580477676691e-02
-4.124860646599780994e-02 -4.528340286964488426e-02 -4.737698251321677267e-02 -4.196229474964528056e-02 -3.580433686333833743e-02 -3.528004783735295968e-02 -3.673870333988216857e-02 -3.777994157740997838e-02 -4.090598457483162614e-02 -3.889660646953755491e-02 -3.495363293590141723e-02 -3.823870220162221140e-02 -4.376224689745268626e-02 -4.516560722649709536e-02 -4.334121355397945602e-02 -4.332170586249572269e-02 -4.634420697412816592e-02 -5.030591434398371670e-02 -5.124716553287984172e-02 -4.157403290351262271e-02 -2.398962610762914519e-02 -1.624472573839666478e-02 -2.310707654219106011e-02 -3.530121693653823223e-02 -4.189862291239381670e-02 -4.720543806646525925e-02 -5.191707943496604721e-02 -5.129360858198862144e-02 -4.751716145136845176e-02 -4.006410256410258136e-02 -3.463828251849174894e-02 -3.400735294117642610e-02 -3.860569715142431885e-02 -4.647358799191764894e-02 -4.844497607655502691e-02 -4.763851973011656166e-02 -4.573547589616813042e-02
-4.343504621806979632e-02 -4.796019900497513339e-02 -4.800715634628765355e-02 -4.255530205336775090e-02 -3.496780584447743007e-02 -3.285924472780780980e-02 -3.762871715907992881e-02 -4.100466178289405295e-02 -4.132862460628036749e-02 -3.833896668276199488e-02 -3.620894341115944021e-02 -4.171364148816238127e-02 -4.683840749414523025e-02 -4.717914879577700393e-02 -4.745876809155159110e-02 -5.041350402175147349e-02 -5.283534502391257215e-02 -5.517953424343238766e-02 -5.548564237501431295e-02 -4.430521369433871454e-02 -2.610398085708071081e-02 -2.077151335311575031e-02 -3.291925465838507758e-02 -4.866720516962844828e-02 -5.276579050608080912e-02 -5.204390613171838015e-02 -5.220662446095970799e-02 -4.977945809703842456e-02 -4.597905201491212651e-02 -3.758997600639832348e-02 -3.339953060119150996e-02 -3.559989018028731494e-02 -3.813519813519816726e-02 -4.285165257494237545e-02 -4.575293415555999055e-02 -4.550544640130308599e-02 -4.613491900758665692e-02
-4.431862553689967094e-02 -5.029239766081871482e-02 -4.906542056074766900e-02 -4.534420817555104288e-02 -3.744664338377963475e-02 -3.278530910489373118e-02 -3.633789523360071716e-02 -3.737004776622650237e-02 -3.721804511278199029e-02 -3.837429111531186210e-02 -4.000000000000003553e-02 -4.389465283320025113e-02 -4.505254396004580719e-02 -4.557291666666669905e-02 -5.105239587998200435e-02 -5.791153670770634448e-02 -6.041810245807488489e-02 -6.339326878745964178e-02 -6.239267315397823560e-02 -4.908457823205653048e-02 -3.441473038141163593e-02 -3.177133142067791599e-02 -4.114674641641748870e-02 -5.227249924751680571e-02 -5.503695060287824153e-02 -5.290806754221386715e-02 -5.089383436701939989e-02 -4.750806740767299363e-02 -4.065184660348952067e-02 -3.156205420827394581e-02 -3.184713375796174861e-02 -3.772886998335494430e-02 -3.956189217259940827e-02 -4.464891041162229179e-02 -4.796974522292994647e-02 -4.418486541391572486e-02 -4.548706940611266930e-02
-4.234026173979987123e-02 -4.824139919277340566e-02 -4.723502304147466496e-02 -4.981426802552632593e-02 -4.575163398692810857e-02 -3.842179426961017663e-02 -3.526354862657762185e-02 -3.272323904603444134e-02 -3.260466839570216185e-02 -3.585361322682523166e-02 -3.997737129926459687e-02 -4.084602697196083876e-02 -3.821269712899307697e-02 -4.127320954907157113e-02 -5.187479261143679993e-02 -6.067823522740160153e-02 -6.292263610315185218e-02 -6.579098974536234934e-02 -6.368843069873995899e-02 -5.283359674870175687e-02 -4.336312479311480589e-02 -3.933659366361892673e-02 -3.956650649217875737e-02 -4.241467745117382532e-02 -4.370961611554535775e-02 -4.362170087976541266e-02 -4.537724872460395520e-02 -4.726500265533722239e-02 -4.130339057683841270e-02 -3.465478841870828219e-02 -3.792160437556967717e-02 -4.188823584289581153e-02 -4.246365723029833089e-02 -4.996096799375487896e-02 -5.314490445859871431e-02 -4.742684157416752339e-02 -4.979295020704980340e-02
-4.064577397910725670e-02 -4.192073170731701326e-02 -4.097579569277676886e-02 -4.699886749716874340e-02 -4.565868263473054495e-02 -3.713330857779431615e-02 -3.243590921620873035e-02 -3.362186788154893774e-02 -3.408781019907276832e-02 -3.537563822027712385e-02 -3.898023277295403072e-02 -3.855603855603850771e-02 -3.701521845851747650e-02 -4.436860068259388529e-02 -5.614073189271364533e-02 -6.062639821029090770e-02 -5.931627801675345285e-02 -5.954825462012319770e-02 -5.511273058528810137e-02 -4.857432660881329245e-02 -4.264250994255407851e-02 -3.727301688435804422e-02 -3.495086617363991899e-02 -3.364032961706258512e-02 -3.186251741755695421e-02 -3.103479116358112688e-02 -3.747257569109261471e-02 -4.642606867554309458e-02 -4.664031620553359125e-02 -4.506266109679139820e-02 -4.695431472081217777e-02 -4.714963266065284181e-02 -4.715447154471545665e-02 -5.412270418132081318e-02 -5.607940446650121896e-02 -5.277860919884265478e-02 -5.660377358490563393e-02
-3.597664343567522766e-02 -3.456743483188511740e-02 -3.338692897001794418e-02 -3.587908465957242998e-02 -3.545437581638370000e-02 -3.072806127156959416e-02 -3.049057977609899786e-02 -3.579438413923032025e-02 -3.732074463347290899e-02 -3.817612874385339916e-02 -4.129231327706681803e-02 -4.035624826050656505e-02 -4.022324865280988565e-02 -4.919028340080972700e-02 -6.027426384607205423e-02 -6.037611349389638421e-02 -5.525727069351231424e-02 -5.343855693348367047e-02 -4.944931445268591769e-02 -4.767196355150565140e-02 -4.323205923989986016e-02 -3.727034120734904615e-02 -3.754129542496741773e-02 -3.599732645851232843e-02 -2.912975983928406051e-02 -2.672292545710265935e-02 -3.718436527153229365e-02 -4.968728283530235434e-02 -5.321293942316118741e-02 -5.166903409090906757e-02 -4.682697523051888855e-02 -4.114423702052570631e-02 -4.337855914389444900e-02 -5.188080117244747713e-02 -5.248536561166781272e-02 -5.156482861400893403e-02 -5.557200671207183917e-02
-2.513128282070517527e-02 -2.407043176922356656e-02 -2.316421269811498249e-02 -2.286356821589206195e-02 -2.607888631090495013e-02 -3.060199141317252944e-02 -3.466235632183911619e-02 -3.792097586846993051e-02 -3.893603989850382557e-02 -4.134843297340006635e-02 -4.422406861431252278e-02 -4.146788990825690108e-02 -4.054054054054048728e-02 -4.814851583440882266e-02 -5.799648506151140748e-02 -5.908847184986593809e-02 -5.422418553285478227e-02 -5.327686134641096416e-02 -5.150309460654289850e-02 -5.099923555749701076e-02 -4.839226578357015696e-02 -4.466219700876743193e-02 -4.695206155060170639e-02 -4.598890247343177806e-02 -3.638983966852814278e-02 -3.390125173852569229e-02 -4.408114354189848066e-02 -5.137251527407277196e-02 -5.491254024889048041e-02 -5.528081949841041898e-02 -4.861361181130715442e-02 -3.994069131683813251e-02 -4.109327217125376824e-02 -4.569523435967838554e-02 -4.250648573139087505e-02 -4.421598961972245806e-02 -5.007917656373713639e-02
-1.924873855354132524e-02 -1.463869463869458577e-02 -1.405043267888708182e-02 -1.613202299276834603e-02 -2.315750781106414025e-02 -3.243341184997278887e-02 -3.811898824367655064e-02 -3.938386136880800414e-02 -4.011065006915630338e-02 -4.304148263618255699e-02 -4.452657514959521695e-02 -4.086799276672687525e-02 -3.974503187101614821e-02 -4.518511320571375056e-02 -5.541587046163128777e-02 -6.244116724192026735e-02 -6.458265494410068974e-02 -6.261651496874655332e-02 -5.283757338551860194e-02 -4.708664803268117205e-02 -4.711931997061594851e-02 -4.948286351652810000e-02 -5.309218203033837929e-02 -5.075624014104109655e-02 -4.177035193743335734e-02 -4.110060189165951061e-02 -4.727951786775314719e-02 -4.702675072414379265e-02 -5.115397864278330153e-02 -5.604356992269848847e-02 -5.197729934240156308e-02 -4.485634847080631482e-02 -4.175026273048623032e-02 -3.827609957689662862e-02 -3.445512820512817292e-02 -4.043234587670130331e-02 -4.474650262922910682e-02
-1.934144730634967599e-02 -1.070221554637622828e-02 -1.003904071388730425e-02 -1.354214647627816591e-02 -2.297174111212397368e-02 -3.390592679197765302e-02 -3.942018737846917503e-02 -4.031908436660013029e-02 -4.166310206176748049e-02 -4.334444729417799569e-02 -4.024928589976623644e-02 -3.656372026979058665e-02 -3.895626607864758478e-02 -4.451207913258505705e-02 -5.237202879968437530e-02 -6.017132831045512997e-02 -6.649478998818343645e-02 -6.376529176139436594e-02 -4.848744904526928329e-02 -3.920322102140279957e-02 -4.043851484124526274e-02 -4.784784784784776313e-02 -5.147695564322139067e-02 -4.731281580156178335e-02 -4.158973006242857456e-02 -4.339654877840423697e-02 -4.815816154106115216e-02 -4.697532950321053197e-02 -5.104487838300784952e-02 -5.600563578724899322e-02 -5.135896736660310047e-02 -4.441955953714073896e-02 -3.983949555746627014e-02 -3.310737793496420361e-02 -3.046092184368735453e-02 -3.918022905364672293e-02 -4.254259240809000336e-02
-1.841903300076748115e-02 -1.100569259962054167e-02 -1.184590989646483981e-02 -1.389783709157849621e-02 -2.337379960137705992e-02 -3.451957295373669216e-02 -3.901544907043723309e-02 -3.907455012853471715e-02 -4.077834179357022609e-02 -4.225352112676056954e-02 -3.616713471193943458e-02 -3.149812407294299427e-02 -3.614022406938918047e-02 -4.195542236373854539e-02 -4.731308411214954490e-02 -5.357506620492971661e-02 -5.882352941176478833e-02 -5.584082156611039349e-02 -4.530950861518819733e-02 -3.812624724293663114e-02 -3.822441430332927659e-02 -4.467491025129630144e-02 -4.588562122808699517e-02 -3.959854014598533645e-02 -3.617616218105552950e-02 -4.149590163934426673e-02 -4.757866169112032889e-02 -4.761095051861926469e-02 -5.143054715187143910e-02 -5.624167036872497472e-02 -5.123270094400145247e-02 -4.267892317793829660e-02 -3.790699894968008188e-02 -3.105103340190035199e-02 -2.940881260664456737e-02 -3.687943262411343126e-02 -4.102976669348344652e-02
-1.825869690563139067e-02 -1.298947568028827569e-02 -1.341281669150516838e-02 -1.421627075116943355e-02 -2.177825773938085394e-02 -3.148083010903971607e-02 -3.501677707992768840e-02 -3.424947145877381416e-02 -3.750837240455461019e-02 -4.183017450112716529e-02 -3.752945136317740321e-02 -3.163353500432149190e-02 -3.427293064876961448e-02 -3.854707190511492965e-02 -4.197958790679764268e-02 -4.895384923415748574e-02 -5.442880794701986102e-02 -5.114116652578182959e-02 -4.604561927094439483e-02 -4.297205757832340406e-02 -4.384782834041674182e-02 -4.741769858048929670e-02 -4.448518768696325260e-02 -3.626373626373621123e-02 -3.283582089552235239e-02 -3.782852218871178562e-02 -4.135499957011435496e-02 -4.073496273184254446e-02 -4.713241124130031906e-02 -5.444074507333750146e-02 -4.978295003232658528e-02 -4.019626344593322381e-02 -3.484688489968317676e-02 -3.111198351163025830e-02 -3.293834103233578281e-02 -3.902439024390248756e-02 -4.223075368761359388e-02
