SOC_LEM/input/hoffman_NDVI.txt
ncols         395
nrows         187
xllcorner     463163
yllcorner     4775989
cellsize      3
NODATA_value  -9999
[rows 96 to 111 of 187, columns 222 to 258 of 395]
-9.999000000000000000e+03 -9.999000000000000000e+03 -9.999000000000000000e+03 -9.999000000000000000e+03 -9.999000000000000000e+03 -9.999000000000000000e+03 -4.335130278526499320e-02 -4.772377391686829368e-02 -5.145558062090451606e-02 -5.512471180046110697e-02 -5.669679539852093969e-02 -5.321844906234161204e-02 -4.527657865676129600e-02 -3.789913458669049579e-02 -3.850758180367114258e-02 -5.166498486377396615e-02 -5.779405779405777377e-02 -4.348707551951346006e-02 -2.911656563649009724e-02 -2.848224736636761553e-02 -3.569701073812522885e-02 -3.773950067737569941e-02 -3.393445801822771168e-02 -3.765045739046697648e-02 -4.674854803389499880e-02 -4.505690903960117566e-02 -4.032332139248647612e-02 -3.946428571428573645e-02 -3.781989693423001148e-02 -3.465474245420933908e-02 -3.528605686879070918e-02 -4.293628808864265872e-02 -4.703296703296702685e-02 -4.665061100704664954e-02 -4.874526087741468117e-02 -5.201785551607913255e-02 -4.863082699880941218e-02
-9.999000000000000000e+03 -9.999000000000000000e+03 -9.999000000000000000e+03 -9.999000000000000000e+03 -9.999000000000000000e+03 -9.999000000000000000e+03 -3.960507124424993142e-02 -4.943549271073113816e-02 -5.522260273972602607e-02 -5.312794718641936087e-02 -4.725546842756914862e-02 -4.516785350966431856e-02 -4.484799839470244437e-02 -4.429689822614212708e-02 -4.828675817122544262e-02 -5.897537728355834591e-02 -5.944755804643720581e-02 -4.187069051663828978e-02 -2.586800432772695668e-02 -2.422011238132145208e-02 -3.562169947191547170e-02 -4.258780744568851917e-02 -3.639846743295015175e-02 -3.437796771130101348e-02 -3.747534516765289869e-02 -3.500931098696466459e-02 -3.590024664291582152e-02 -3.784557573588621937e-02 -3.555712022531248157e-02 -2.937353782167920896e-02 -2.859117215168003462e-02 -3.898379325448973060e-02 -4.828201695671573840e-02 -5.238311393554249962e-02 -5.616942909760586078e-02 -5.836358559061710638e-02 -5.159659144114615847e-02
-9.999000000000000000e+03 -9.999000000000000000e+03 -9.999000000000000000e+03 -9.999000000000000000e+03 -9.999000000000000000e+03 -9.999000000000000000e+03 -3.655528145324060674e-02 -4.832551543580235892e-02 -5.157501334757075284e-02 -4.619907601847956374e-02 -3.714463581655950974e-02 -3.552779768608586158e-02 -4.281407035175872899e-02 -4.988170347003154786e-02 -5.202650038971160656e-02 -5.101246105919002988e-02 -4.352929668394798363e-02 -3.088350273651296884e-02 -2.195145537182091947e-02 -2.206514471296208701e-02 -3.516545677382856838e-02 -4.372249789345568349e-02 -3.772348591219698566e-02 -3.232998885172803927e-02 -3.071105782532506517e-02 -2.893359052080460639e-02 -3.018730678305143675e-02 -3.132617134603228604e-02 -3.368364322285094525e-02 -3.517498667614144675e-02 -3.714841676985674440e-02 -4.285714285714286448e-02 -4.865649963689186452e-02 -5.431368926658042967e-02 -5.998310335116863873e-02 -6.181057436287566709e-02 -5.375107789594709556e-02
-9.999000000000000000e+03 -9.999000000000000000e+03 -9.999000000000000000e+03 -9.999000000000000000e+03 -9.999000000000000000e+03 -9.999000000000000000e+03 -3.633526526972800930e-02 -4.563685636856371769e-02 -4.659574468085099508e-02 -4.447002197342256324e-02 -3.692976104272271964e-02 -3.328568511333476060e-02 -4.367770243318700590e-02 -5.414600952658694261e-02 -5.352705027719372594e-02 -4.317163823501375675e-02 -3.119617224880380513e-02 -2.588594899226286800e-02 -2.504489178716567260e-02 -2.459932910920611254e-02 -3.068046524406994185e-02 -3.277944247707251235e-02 -2.704174228675134545e-02 -2.471139971139970498e-02 -2.753116312438344537e-02 -3.041176998295502809e-02 -2.829338619571091992e-02 -2.731742851939535782e-02 -3.479937563125511807e-02 -4.429800475928977882e-02 -4.692482915717539893e-02 -4.544624931556854458e-02 -4.650520305737176896e-02 -5.170640486208507441e-02 -5.741216795201377343e-02 -5.977788507967161935e-02 -5.514419329696022831e-02
-9.999000000000000000e+03 -9.999000000000000000e+03 -9.999000000000000000e+03 -9.999000000000000000e+03 -9.999000000000000000e+03 -9.999000000000000000e+03 -4.221028396009214589e-02 -4.601883561643838744e-02 -4.730866274179976183e-02 -4.889899720872532829e-02 -4.401102828551008844e-02 -3.944455624874215055e-02 -4.506627393225333400e-02 -5.071770334928229346e-02 -4.826291079812206064e-02 -3.796995988431760283e-02 -2.883269571708507381e-02 -2.899089388589488198e-02 -3.069852941176467662e-02 -2.761930634791268796e-02 -2.545389818440733226e-02 -1.987456938433001738e-02 -1.366240634640806043e-02 -1.425946986265421573e-02 -2.194739592405504577e-02 -2.790656985390602834e-02 -2.519964507542154369e-02 -2.618939737199817500e-02 -3.762449280708229232e-02 -4.919250046408018412e-02 -4.983758700696054589e-02 -4.406716764078301429e-02 -4.382693024990676200e-02 -4.971644612476369685e-02 -5.444401692958828615e-02 -5.757220921155344756e-02 -5.744176865377020880e-02
-9.999000000000000000e+03 -9.999000000000000000e+03 -9.999000000000000000e+03 -9.999000000000000000e+03 -9.999000000000000000e+03 -9.999000000000000000e+03 -4.643164230438524137e-02 -4.706005659784091855e-02 -4.724732949876748328e-02 -4.751314193287507065e-02 -4.622142357991406575e-02 -4.517271922054917621e-02 -4.582730342498795434e-02 -4.435636089090223833e-02 -3.959296947271048056e-02 -3.255899030546914596e-02 -2.841012566017116908e-02 -2.976567447751738912e-02 -3.050908114878765967e-02 -2.690306077445530838e-02 -2.182798504217758548e-02 -1.691113028472823396e-02 -1.601164483260555590e-02 -1.715936119605838278e-02 -1.984836868557799880e-02 -2.238292011019283809e-02 -2.198090901129696323e-02 -2.802901405928179268e-02 -4.047510278666051342e-02 -4.807781380268642824e-02 -4.726391348932600101e-02 -4.379562043795622028e-02 -4.310914064710878041e-02 -4.678978088221223686e-02 -5.072886297376093256e-02 -5.488225440930138976e-02 -5.790579057905796689e-02
-9.999000000000000000e+03 -9.999000000000000000e+03 -9.999000000000000000e+03 -9.999000000000000000e+03 -9.999000000000000000e+03 -9.999000000000000000e+03 -4.953202229466813211e-02 -4.757033248081843357e-02 -4.413820651088469493e-02 -4.224247770263650503e-02 -4.414327202323332228e-02 -4.678811121764143294e-02 -4.604330150326180204e-02 -4.161646121049218661e-02 -3.638508302331906752e-02 -3.221764811168789655e-02 -2.973646723646729273e-02 -2.867764206054174841e-02 -2.766106442577028965e-02 -2.475631846804105321e-02 -2.089908726435213415e-02 -2.070252842355329442e-02 -2.600353446099467822e-02 -2.869092429945626493e-02 -2.554159993256341354e-02 -2.119658119658120177e-02 -2.241139680333565157e-02 -3.304686807832023232e-02 -4.601753910134707276e-02 -5.090674767559604658e-02 -5.072126570497904885e-02 -5.120990433314574070e-02 -4.926435690555291264e-02 -4.818812644564379744e-02 -4.813043053792834952e-02 -4.774117182876307791e-02 -4.781912765106034052e-02
-9.999000000000000000e+03 -9.999000000000000000e+03 -9.999000000000000000e+03 -9.999000000000000000e+03 -9.999000000000000000e+03 -9.999000000000000000e+03 -5.077443840393887353e-02 -4.646061814556332048e-02 -4.231625835189312124e-02 -4.125960352840742085e-02 -4.423945783132531007e-02 -4.717246553502766476e-02 -4.625081101121512883e-02 -4.061790095411170476e-02 -3.458110516934050083e-02 -3.309276535821162324e-02 -3.345594675074440444e-02 -3.111111111111108246e-02 -2.844337183244266196e-02 -2.637157635885701082e-02 -2.358371800251782627e-02 -2.436981827317643776e-02 -3.053562489571162719e-02 -3.511984021304921655e-02 -3.286384976525816987e-02 -2.684791843670354325e-02 -2.884698183070694491e-02 -3.894285464251336787e-02 -4.840866541856109900e-02 -5.170537010159657887e-02 -5.236035704426243026e-02 -5.411457361448029219e-02 -5.323986358469114805e-02 -5.137579372715027348e-02 -4.820213799805637273e-02 -4.092995994920389791e-02 -3.408866995073897566e-02
-9.999000000000000000e+03 -9.999000000000000000e+03 -9.999000000000000000e+03 -9.999000000000000000e+03 -9.999000000000000000e+03 -9.999000000000000000e+03 -4.924924924924915792e-02 -4.273504273504276363e-02 -3.998498216632253438e-02 -4.164751310103891047e-02 -4.554637281910010188e-02 -4.708478940592238787e-02 -4.495813614852567364e-02 -3.802213495180295499e-02 -3.152718011767802198e-02 -3.193248064038976819e-02 -3.585036369934183065e-02 -3.432810074176294302e-02 -2.977412731006165089e-02 -2.807520445156392111e-02 -2.710818250062554946e-02 -2.921646746347938625e-02 -3.453974549661208149e-02 -3.783247976210145358e-02 -3.687707641196007191e-02 -3.406611847625443806e-02 -3.662163310391709781e-02 -4.298291040911444982e-02 -4.720126337954026752e-02 -4.683048433048432602e-02 -4.419340262087664145e-02 -4.490770502341813464e-02 -4.762794172581247959e-02 -4.989565547334470774e-02 -4.826661559088298026e-02 -3.711558854718977757e-02 -2.645399727679439289e-02
-9.999000000000000000e+03 -9.999000000000000000e+03 -9.999000000000000000e+03 -9.999000000000000000e+03 -9.999000000000000000e+03 -9.999000000000000000e+03 -4.926971762414800865e-02 -3.954695611137332145e-02 -3.618630936104270251e-02 -4.211749977644640291e-02 -4.981186167353519184e-02 -4.882003242658979059e-02 -4.206192947914803165e-02 -3.369995600527940505e-02 -2.790091264667534168e-02 -2.898174582576345387e-02 -3.470846610972349450e-02 -3.464837049742713199e-02 -3.032884648151308246e-02 -2.796967144060654581e-02 -2.741438213482207467e-02 -3.139678615574779952e-02 -3.483807654563299966e-02 -3.451660395877640536e-02 -3.539242995248240847e-02 -3.662157703728144420e-02 -3.827791272300864328e-02 -4.110523622718745274e-02 -4.344063689858082555e-02 -4.222144358794675117e-02 -3.784648187633264660e-02 -3.709051529645333856e-02 -4.134201118342654968e-02 -4.780469692750394239e-02 -5.073619056550688483e-02 -4.111936036550536966e-02 -3.053730189408579432e-02
-9.999000000000000000e+03 -9.999000000000000000e+03 -9.999000000000000000e+03 -9.999000000000000000e+03 -9.999000000000000000e+03 -9.999000000000000000e+03 -4.751088396744274078e-02 -3.806990184386756931e-02 -3.561595168309800163e-02 -4.495853339153208644e-02 -5.461228776474711527e-02 -5.115540659728345235e-02 -3.876651982378857136e-02 -2.675847642290593922e-02 -1.959424310733484664e-02 -2.141309059384482322e-02 -2.884283246977545345e-02 -3.182521933597106528e-02 -3.329349496329182118e-02 -3.369078780714349769e-02 -3.161758571786097566e-02 -3.429040196882693348e-02 -3.506493506493509049e-02 -3.224760978771677028e-02 -3.288357437181872733e-02 -3.394510313464352280e-02 -3.517753922378194509e-02 -3.800235412813184749e-02 -4.220308636712422762e-02 -4.251641894227446011e-02 -3.834342370799335986e-02 -3.650284900284903739e-02 -3.960306720793867891e-02 -4.721108275610645666e-02 -5.251499769266265022e-02 -4.813035697466327284e-02 -4.100402375934081300e-02
-9.999000000000000000e+03 -9.999000000000000000e+03 -9.999000000000000000e+03 -9.999000000000000000e+03 -9.999000000000000000e+03 -9.999000000000000000e+03 -3.964431270841055344e-02 -3.315661784526907629e-02 -3.590726860728599146e-02 -4.685086665522566335e-02 -5.231457580450865619e-02 -4.755293300937181444e-02 -3.547459252157234011e-02 -2.260083449235048697e-02 -1.486310299869624679e-02 -1.688424717145345713e-02 -2.242308360855205934e-02 -2.565440473084614967e-02 -3.162637553071654534e-02 -3.461901898462334259e-02 -3.274942878903278759e-02 -3.525322740814294808e-02 -3.597944031981726437e-02 -3.602947129787063829e-02 -3.813117122902787148e-02 -3.665511963264321549e-02 -3.588653641788606963e-02 -3.887921744176400796e-02 -4.466834592779176522e-02 -4.606443893684299823e-02 -4.344041089927744986e-02 -4.251386321626618447e-02 -4.437344692935747681e-02 -4.799497622678746550e-02 -4.947964213985758114e-02 -4.811637448713166482e-02 -4.691777588973850693e-02
-9.999000000000000000e+03 -9.999000000000000000e+03 -9.999000000000000000e+03 -9.999000000000000000e+03 -9.999000000000000000e+03 -9.999000000000000000e+03 -3.398764085786982331e-02 -2.899063107654239677e-02 -3.429308122045555268e-02 -4.268861919714843356e-02 -4.060047765267827541e-02 -3.697319658708957124e-02 -3.316215510488289275e-02 -2.651150581853179214e-02 -2.122062434233602801e-02 -2.061946126173555202e-02 -2.107111501316945301e-02 -2.165492957746479111e-02 -2.720788940741391410e-02 -2.950704841957794630e-02 -2.831081662507527533e-02 -3.060366571380524273e-02 -3.301260783012603672e-02 -4.155397098598475475e-02 -4.937672009065886825e-02 -4.717898832684822713e-02 -4.383382401046777288e-02 -4.481054365733112832e-02 -4.898704749252744822e-02 -5.100750358317171496e-02 -4.973417938604010602e-02 -4.930795847750871902e-02 -5.089169204001745689e-02 -5.099075297225889869e-02 -4.938936781609194054e-02 -4.919531821506949176e-02 -5.059084194977842702e-02
-9.999000000000000000e+03 -9.999000000000000000e+03 -9.999000000000000000e+03 -9.999000000000000000e+03 -9.999000000000000000e+03 -9.999000000000000000e+03 -3.756453622930392561e-02 -3.483019195691822167e-02 -3.667772955493151660e-02 -3.836748461084410478e-02 -3.211048038634249646e-02 -2.931316083555400576e-02 -3.181262017129869030e-02 -3.266242937853111594e-02 -2.901765906469080253e-02 -2.248394004282655220e-02 -1.708866422116848971e-02 -1.650165016501644114e-02 -2.138610346969554987e-02 -2.307150405072208241e-02 -2.462628531927762293e-02 -2.868262966410023082e-02 -3.266331658291452694e-02 -4.473902236951117495e-02 -5.505489103719477667e-02 -5.460499386000813860e-02 -5.239816031537446878e-02 -5.291700903861951827e-02 -5.368741264490671516e-02 -5.261413538818464353e-02 -5.174004192872114216e-02 -5.241764755694806183e-02 -5.301801417228716590e-02 -5.109109802563220615e-02 -5.022911526260132042e-02 -5.220811728946895408e-02 -5.438121047877150088e-02
-9.999000000000000000e+03 -9.999000000000000000e+03 -9.999000000000000000e+03 -9.999000000000000000e+03 -9.999000000000000000e+03 -9.999000000000000000e+03 -4.588593818023508492e-02 -4.722932651321396641e-02 -4.415234243343444526e-02 -3.818075018880592864e-02 -2.962775386173719869e-02 -2.637683649798091418e-02 -3.005344782265834472e-02 -3.432372505543241498e-02 -3.271362173757601938e-02 -2.357510613314063586e-02 -1.245341332606130468e-02 -9.298546537871313009e-03 -1.380846325167032866e-02 -1.469682302208926566e-02 -1.617227363141055668e-02 -2.074477129739841011e-02 -2.754148067042867798e-02 -3.962626178359891088e-02 -5.005782256732203145e-02 -5.462012320328545056e-02 -5.705164934108204050e-02 -5.800879908750197766e-02 -5.526251724417750866e-02 -5.045572916666663660e-02 -5.022156573116687978e-02 -5.451532725766365661e-02 -5.496899614546676277e-02 -5.004255319148934178e-02 -4.701002419633597273e-02 -4.843654199877375083e-02 -5.286460639334097933e-02
-9.999000000000000000e+03 -9.999000000000000000e+03 -9.999000000000000000e+03 -9.999000000000000000e+03 -9.999000000000000000e+03 -9.999000000000000000e+03 -4.429024243981838360e-02 -4.807692307692305878e-02 -4.519584867760294278e-02 -3.552620580122037297e-02 -2.572320148435521675e-02 -2.329980225260080626e-02 -2.584318878668417571e-02 -2.791111111111117468e-02 -2.761039661840091614e-02 -2.204810495626822325e-02 -1.057471264367812296e-02 -5.216436350324865114e-03 -8.556246059623493633e-03 -1.000619853006283477e-02 -9.410944579993075348e-03 -9.890771480175497912e-03 -1.524052788420599165e-02 -2.542087542087540300e-02 -3.540558510638292661e-02 -4.494013449237328761e-02 -5.319493999351276869e-02 -5.654307085980859321e-02 -5.467625899280578045e-02 -5.093405716110493975e-02 -5.128822537924396241e-02 -5.619433198380561351e-02 -5.617056170561707945e-02 -4.862790891650684705e-02 -4.070556309362280412e-02 -3.767566169497372358e-02 -4.151009350694749578e-02
