SOC_LEM/input/hoffman_DEM.txt
ncols         395
nrows         187
xllcorner     463163
yllcorner     4775989
cellsize      3
NODATA_value  -9999
[rows 34 to 50 of 187, columns 222 to 258 of 395]
3.861200000000000045e+02 3.861700000000000159e+02 3.861299999999999955e+02 3.861600000000000250e+02 3.861200000000000045e+02 3.860400000000000205e+02 3.860099999999999909e+02 3.859800000000000182e+02 3.859100000000000250e+02 3.858799999999999955e+02 3.858399999999999750e+02 3.857799999999999727e+02 3.857500000000000000e+02 3.857200000000000273e+02 3.856399999999999864e+02 3.856000000000000227e+02 3.855899999999999750e+02 3.855299999999999727e+02 3.854900000000000091e+02 3.854900000000000091e+02 3.854599999999999795e+02 3.854700000000000273e+02 3.855099999999999909e+02 3.855299999999999727e+02 3.855600000000000023e+02 3.856000000000000227e+02 3.856100000000000136e+02 3.856100000000000136e+02 3.856200000000000045e+02 3.855400000000000205e+02 3.855299999999999727e+02 3.854399999999999977e+02 3.853700000000000045e+02 3.852699999999999818e+02 3.852099999999999795e+02 -9.999000000000000000e+03 -9.999000000000000000e+03
3.863299999999999841e+02 3.863299999999999841e+02 3.863000000000000114e+02 3.863299999999999841e+02 3.863000000000000114e+02 3.861999999999999886e+02 3.861499999999999773e+02 3.861000000000000227e+02 3.860500000000000114e+02 3.860099999999999909e+02 3.859700000000000273e+02 3.858999999999999773e+02 3.858500000000000227e+02 3.857900000000000205e+02 3.857099999999999795e+02 3.856600000000000250e+02 3.856299999999999955e+02 3.855799999999999841e+02 3.855299999999999727e+02 3.855099999999999909e+02 3.854700000000000273e+02 3.855000000000000000e+02 3.855500000000000114e+02 3.855799999999999841e+02 3.856200000000000045e+02 3.856299999999999955e+02 3.856499999999999773e+02 3.856700000000000159e+02 3.856399999999999864e+02 3.855799999999999841e+02 3.855400000000000205e+02 3.854800000000000182e+02 3.853600000000000136e+02 3.852900000000000205e+02 3.852300000000000182e+02 -9.999000000000000000e+03 -9.999000000000000000e+03
3.865099999999999909e+02 3.865099999999999909e+02 3.865099999999999909e+02 3.864800000000000182e+02 3.864399999999999977e+02 3.863799999999999955e+02 3.863299999999999841e+02 3.862300000000000182e+02 3.861899999999999977e+02 3.861600000000000250e+02 3.861000000000000227e+02 3.860000000000000000e+02 3.859499999999999886e+02 3.858899999999999864e+02 3.858100000000000023e+02 3.857400000000000091e+02 3.857099999999999795e+02 3.856299999999999955e+02 3.855899999999999750e+02 3.855600000000000023e+02 3.855299999999999727e+02 3.855899999999999750e+02 3.856200000000000045e+02 3.856200000000000045e+02 3.856600000000000250e+02 3.856999999999999886e+02 3.857099999999999795e+02 3.857200000000000273e+02 3.857099999999999795e+02 3.856399999999999864e+02 3.856000000000000227e+02 3.855099999999999909e+02 3.853899999999999864e+02 3.852900000000000205e+02 3.852300000000000182e+02 -9.999000000000000000e+03 -9.999000000000000000e+03
3.866399999999999864e+02 3.866800000000000068e+02 3.866399999999999864e+02 3.866499999999999773e+02 3.866299999999999955e+02 3.865400000000000205e+02 3.864900000000000091e+02 3.864100000000000250e+02 3.863600000000000136e+02 3.863199999999999932e+02 3.862099999999999795e+02 3.861299999999999955e+02 3.860799999999999841e+02 3.860000000000000000e+02 3.859200000000000159e+02 3.858299999999999841e+02 3.857500000000000000e+02 3.856800000000000068e+02 3.856700000000000159e+02 3.856299999999999955e+02 3.855699999999999932e+02 3.856100000000000136e+02 3.856600000000000250e+02 3.856600000000000250e+02 3.857099999999999795e+02 3.857799999999999727e+02 3.857500000000000000e+02 3.857599999999999909e+02 3.857900000000000205e+02 3.856899999999999977e+02 3.856600000000000250e+02 3.855799999999999841e+02 3.854300000000000068e+02 3.853100000000000023e+02 3.852699999999999818e+02 -9.999000000000000000e+03 -9.999000000000000000e+03
3.867599999999999909e+02 3.867799999999999727e+02 3.867900000000000205e+02 3.867500000000000000e+02 3.867900000000000205e+02 3.867099999999999795e+02 3.866700000000000159e+02 3.866000000000000227e+02 3.865500000000000114e+02 3.864800000000000182e+02 3.864100000000000250e+02 3.862799999999999727e+02 3.862200000000000273e+02 3.861399999999999864e+02 3.860099999999999909e+02 3.859300000000000068e+02 3.858500000000000227e+02 3.857400000000000091e+02 3.857300000000000182e+02 3.856700000000000159e+02 3.856200000000000045e+02 3.856499999999999773e+02 3.857099999999999795e+02 3.857599999999999909e+02 3.857900000000000205e+02 3.858399999999999750e+02 3.858199999999999932e+02 3.858299999999999841e+02 3.858199999999999932e+02 3.857500000000000000e+02 3.857099999999999795e+02 3.856200000000000045e+02 3.854800000000000182e+02 3.853700000000000045e+02 3.852799999999999727e+02 -9.999000000000000000e+03 -9.999000000000000000e+03
3.868299999999999841e+02 3.868600000000000136e+02 3.868799999999999955e+02 3.868600000000000136e+02 3.868999999999999773e+02 3.868399999999999750e+02 3.867900000000000205e+02 3.867799999999999727e+02 3.867099999999999795e+02 3.866299999999999955e+02 3.865500000000000114e+02 3.864499999999999886e+02 3.863600000000000136e+02 3.862799999999999727e+02 3.861299999999999955e+02 3.860199999999999818e+02 3.859300000000000068e+02 3.858500000000000227e+02 3.858000000000000114e+02 3.857400000000000091e+02 3.857300000000000182e+02 3.857300000000000182e+02 3.857599999999999909e+02 3.858000000000000114e+02 3.858100000000000023e+02 3.858799999999999955e+02 3.858600000000000136e+02 3.858799999999999955e+02 3.858600000000000136e+02 3.858000000000000114e+02 3.857400000000000091e+02 3.856499999999999773e+02 3.855000000000000000e+02 3.853999999999999773e+02 3.852799999999999727e+02 -9.999000000000000000e+03 -9.999000000000000000e+03
3.868299999999999841e+02 3.868600000000000136e+02 3.869200000000000159e+02 3.869200000000000159e+02 3.869700000000000273e+02 3.869200000000000159e+02 3.868999999999999773e+02 3.868899999999999864e+02 3.868700000000000045e+02 3.868000000000000114e+02 3.867599999999999909e+02 3.866399999999999864e+02 3.865099999999999909e+02 3.864200000000000159e+02 3.862900000000000205e+02 3.861200000000000045e+02 3.860199999999999818e+02 3.859399999999999977e+02 3.858899999999999864e+02 3.858100000000000023e+02 3.857900000000000205e+02 3.857699999999999818e+02 3.858100000000000023e+02 3.858500000000000227e+02 3.858999999999999773e+02 3.859399999999999977e+02 3.859499999999999886e+02 3.859100000000000250e+02 3.859100000000000250e+02 3.858299999999999841e+02 3.857400000000000091e+02 3.856499999999999773e+02 3.855299999999999727e+02 3.854100000000000250e+02 3.853000000000000114e+02 -9.999000000000000000e+03 -9.999000000000000000e+03
3.868000000000000114e+02 3.868399999999999750e+02 3.868899999999999864e+02 3.868799999999999955e+02 3.869700000000000273e+02 3.869599999999999795e+02 3.869599999999999795e+02 3.870099999999999909e+02 3.870199999999999818e+02 3.869399999999999977e+02 3.869300000000000068e+02 3.868299999999999841e+02 3.866800000000000068e+02 3.865600000000000023e+02 3.864100000000000250e+02 3.862500000000000000e+02 3.861600000000000250e+02 3.860299999999999727e+02 3.859399999999999977e+02 3.858700000000000045e+02 3.858500000000000227e+02 3.858199999999999932e+02 3.858299999999999841e+02 3.858799999999999955e+02 3.859100000000000250e+02 3.859399999999999977e+02 3.859399999999999977e+02 3.859200000000000159e+02 3.859100000000000250e+02 3.858299999999999841e+02 3.857599999999999909e+02 3.856399999999999864e+02 3.855299999999999727e+02 3.853899999999999864e+02 3.853000000000000114e+02 -9.999000000000000000e+03 -9.999000000000000000e+03
3.867099999999999795e+02 3.867599999999999909e+02 3.868299999999999841e+02 3.868399999999999750e+02 3.869300000000000068e+02 3.869499999999999886e+02 3.869599999999999795e+02 3.870299999999999727e+02 3.870899999999999750e+02 3.870600000000000023e+02 3.870600000000000023e+02 3.869800000000000182e+02 3.868199999999999932e+02 3.867099999999999795e+02 3.865500000000000114e+02 3.863799999999999955e+02 3.862400000000000091e+02 3.861200000000000045e+02 3.860199999999999818e+02 3.859100000000000250e+02 3.858600000000000136e+02 3.858399999999999750e+02 3.858999999999999773e+02 3.859300000000000068e+02 3.858999999999999773e+02 3.859300000000000068e+02 3.859700000000000273e+02 3.859200000000000159e+02 3.858700000000000045e+02 3.857900000000000205e+02 3.857200000000000273e+02 3.856100000000000136e+02 3.855199999999999818e+02 3.853799999999999955e+02 3.852900000000000205e+02 -9.999000000000000000e+03 -9.999000000000000000e+03
3.865699999999999932e+02 3.866700000000000159e+02 3.867099999999999795e+02 3.867400000000000091e+02 3.868500000000000227e+02 3.869100000000000250e+02 3.869399999999999977e+02 3.870600000000000023e+02 3.871499999999999773e+02 3.871299999999999955e+02 3.871600000000000250e+02 3.871200000000000045e+02 3.869900000000000091e+02 3.868700000000000045e+02 3.866600000000000250e+02 3.864599999999999795e+02 3.863199999999999932e+02 3.861999999999999886e+02 3.860199999999999818e+02 3.859399999999999977e+02 3.858700000000000045e+02 3.857900000000000205e+02 3.858100000000000023e+02 3.858500000000000227e+02 3.858500000000000227e+02 3.858500000000000227e+02 3.858600000000000136e+02 3.858000000000000114e+02 3.857699999999999818e+02 3.857099999999999795e+02 3.856499999999999773e+02 3.855099999999999909e+02 3.854399999999999977e+02 3.853199999999999932e+02 3.852400000000000091e+02 3.851899999999999977e+02 3.851200000000000045e+02
3.864700000000000273e+02 3.865400000000000205e+02 3.866100000000000136e+02 3.866399999999999864e+02 3.867699999999999818e+02 3.867900000000000205e+02 3.868799999999999955e+02 3.870400000000000205e+02 3.871299999999999955e+02 3.871999999999999886e+02 3.872400000000000091e+02 3.871999999999999886e+02 3.870799999999999841e+02 3.869599999999999795e+02 3.867699999999999818e+02 3.865500000000000114e+02 3.863799999999999955e+02 3.862300000000000182e+02 3.860500000000000114e+02 3.859499999999999886e+02 3.858600000000000136e+02 3.857400000000000091e+02 3.857500000000000000e+02 3.857500000000000000e+02 3.857599999999999909e+02 3.858000000000000114e+02 3.858000000000000114e+02 3.857400000000000091e+02 3.856899999999999977e+02 3.856399999999999864e+02 3.855699999999999932e+02 3.854599999999999795e+02 3.853600000000000136e+02 3.853000000000000114e+02 3.852300000000000182e+02 3.851600000000000250e+02 3.850799999999999841e+02
3.863799999999999955e+02 3.864499999999999886e+02 3.864700000000000273e+02 3.865500000000000114e+02 3.866399999999999864e+02 3.867200000000000273e+02 3.868100000000000023e+02 3.869399999999999977e+02 3.871299999999999955e+02 3.872099999999999795e+02 3.872400000000000091e+02 3.872300000000000182e+02 3.871499999999999773e+02 3.870500000000000114e+02 3.868399999999999750e+02 3.866299999999999955e+02 3.864300000000000068e+02 3.862099999999999795e+02 3.860299999999999727e+02 3.859100000000000250e+02 3.858100000000000023e+02 3.857099999999999795e+02 3.856899999999999977e+02 3.856800000000000068e+02 3.856600000000000250e+02 3.856700000000000159e+02 3.856899999999999977e+02 3.856600000000000250e+02 3.856200000000000045e+02 3.855799999999999841e+02 3.854300000000000068e+02 3.853500000000000227e+02 3.852799999999999727e+02 3.852300000000000182e+02 3.851600000000000250e+02 3.851000000000000227e+02 3.850199999999999818e+02
3.862400000000000091e+02 3.862900000000000205e+02 3.863399999999999750e+02 3.864399999999999977e+02 3.865199999999999818e+02 3.866200000000000045e+02 3.867200000000000273e+02 3.868600000000000136e+02 3.870299999999999727e+02 3.871399999999999864e+02 3.872200000000000273e+02 3.872699999999999818e+02 3.871800000000000068e+02 3.871000000000000227e+02 3.868799999999999955e+02 3.866700000000000159e+02 3.864499999999999886e+02 3.862300000000000182e+02 3.860099999999999909e+02 3.858799999999999955e+02 3.857400000000000091e+02 3.856299999999999955e+02 3.855600000000000023e+02 3.855500000000000114e+02 3.855500000000000114e+02 3.855699999999999932e+02 3.855600000000000023e+02 3.855199999999999818e+02 3.855299999999999727e+02 3.854399999999999977e+02 3.853399999999999750e+02 3.852900000000000205e+02 3.851899999999999977e+02 3.851399999999999864e+02 3.850799999999999841e+02 3.850199999999999818e+02 3.849900000000000091e+02
3.861499999999999773e+02 3.861600000000000250e+02 3.862599999999999909e+02 3.863799999999999955e+02 3.864300000000000068e+02 3.865099999999999909e+02 3.866100000000000136e+02 3.867799999999999727e+02 3.869399999999999977e+02 3.870199999999999818e+02 3.871399999999999864e+02 3.871899999999999977e+02 3.871299999999999955e+02 3.870799999999999841e+02 3.868899999999999864e+02 3.866800000000000068e+02 3.864200000000000159e+02 3.861800000000000068e+02 3.859300000000000068e+02 3.857599999999999909e+02 3.856100000000000136e+02 3.855000000000000000e+02 3.854499999999999886e+02 3.854399999999999977e+02 3.853999999999999773e+02 3.853899999999999864e+02 3.853999999999999773e+02 3.853700000000000045e+02 3.853700000000000045e+02 3.852799999999999727e+02 3.852500000000000000e+02 3.851899999999999977e+02 3.851299999999999955e+02 3.850500000000000114e+02 3.849900000000000091e+02 3.849200000000000159e+02 3.849200000000000159e+02
3.860400000000000205e+02 3.860699999999999932e+02 3.861499999999999773e+02 3.862200000000000273e+02 3.863000000000000114e+02 3.863999999999999773e+02 3.864800000000000182e+02 3.866100000000000136e+02 3.867799999999999727e+02 3.869200000000000159e+02 3.870000000000000000e+02 3.871399999999999864e+02 3.871100000000000136e+02 3.870400000000000205e+02 3.868700000000000045e+02 3.866499999999999773e+02 3.863700000000000045e+02 3.861299999999999955e+02 3.858700000000000045e+02 3.856899999999999977e+02 3.855400000000000205e+02 3.854399999999999977e+02 3.853299999999999841e+02 3.853199999999999932e+02 3.852900000000000205e+02 3.852699999999999818e+02 3.852599999999999909e+02 3.852599999999999909e+02 3.852400000000000091e+02 3.851800000000000068e+02 3.851200000000000045e+02 3.850899999999999750e+02 3.850099999999999909e+02 3.849499999999999886e+02 3.849300000000000068e+02 3.848700000000000045e+02 3.848000000000000114e+02
3.859499999999999886e+02 3.860000000000000000e+02 3.860600000000000023e+02 3.861499999999999773e+02 3.861899999999999977e+02 3.862900000000000205e+02 3.863500000000000227e+02 3.864700000000000273e+02 3.866600000000000250e+02 3.868100000000000023e+02 3.869300000000000068e+02 3.870500000000000114e+02 3.870299999999999727e+02 3.869700000000000273e+02 3.868399999999999750e+02 3.866200000000000045e+02 3.863299999999999841e+02 3.860799999999999841e+02 3.857799999999999727e+02 3.855600000000000023e+02 3.854599999999999795e+02 3.853100000000000023e+02 3.851999999999999886e+02 3.851700000000000159e+02 3.851499999999999773e+02 3.851399999999999864e+02 3.851399999999999864e+02 3.851399999999999864e+02 3.851200000000000045e+02 3.851000000000000227e+02 3.850299999999999727e+02 3.849599999999999795e+02 3.849399999999999977e+02 3.848299999999999841e+02 3.848299999999999841e+02 3.848199999999999932e+02 3.847699999999999818e+02
3.858600000000000136e+02 3.858899999999999864e+02 3.859800000000000182e+02 3.860500000000000114e+02 3.860799999999999841e+02 3.861700000000000159e+02 3.862500000000000000e+02 3.863899999999999864e+02 3.865500000000000114e+02 3.866800000000000068e+02 3.867900000000000205e+02 3.869399999999999977e+02 3.869399999999999977e+02 3.868999999999999773e+02 3.867400000000000091e+02 3.865199999999999818e+02 3.862200000000000273e+02 3.859900000000000091e+02 3.856700000000000159e+02 3.854599999999999795e+02 3.853000000000000114e+02 3.851800000000000068e+02 3.850799999999999841e+02 3.850600000000000023e+02 3.850500000000000114e+02 3.850099999999999909e+02 3.849900000000000091e+02 3.850000000000000000e+02 3.849499999999999886e+02 3.849599999999999795e+02 3.849300000000000068e+02 3.848700000000000045e+02 3.848199999999999932e+02 3.847799999999999727e+02 3.847400000000000091e+02 3.847099999999999795e+02 3.847200000000000273e+02
