SOC_LEM/input/soci_converted.asc
ncols	165
nrows	156
xllcorner	465092.0
yllcorner	4758772.0
cellsize	3.0
NODATA_value	-9999
[rows 34 to 50 of 156, columns 111 to 147 of 165]
1.981871604000000175e+01 1.788503545600000066e+01 1.759663526400000322e+01 1.923876056400000323e+01 1.902241276000000170e+01 1.839690385600000155e+01 1.654801994399999998e+01 1.466905304000000143e+01 1.347953569599999923e+01 1.388335887600000262e+01 1.393333515200000150e+01 1.326556135999999952e+01 1.048679272000000040e+01 8.678391212000001076e+00 1.025350655200000105e+01 1.003671074400000052e+01 1.004263011600000155e+01 9.694435688000002216e+00 8.241482460000000287e+00 7.679837955999999188e+00 7.724228479999999841e+00 7.928880520000000764e+00 7.753930192000001220e+00 7.391656046800000546e+00 7.215087185200000697e+00 7.214873668400000106e+00 7.848306524000000728e+00 9.340912872000000533e+00 1.022814190000000067e+01 1.003824539600000065e+01 1.015559384799999876e+01 1.008322690399999999e+01 1.026911996800000182e+01 1.070306426800000210e+01 1.055580439999999953e+01 1.063683593200000033e+01 1.035859685200000158e+01
1.924310715600000066e+01 1.725076664400000226e+01 1.762505968800000389e+01 1.979545796000000379e+01 1.937197026400000155e+01 1.818705687599999976e+01 1.582502727600000370e+01 1.466919602000000467e+01 1.269477566800000190e+01 1.260822510799999918e+01 1.303856631200000038e+01 1.327004140000000021e+01 1.087567925600000152e+01 8.423562723999999946e+00 9.655649979999999744e+00 1.019620970000000071e+01 9.914977572000001516e+00 9.253065960000000700e+00 7.848668739999999922e+00 7.376135091199999216e+00 7.488187563999999519e+00 7.786224608000000380e+00 7.714286604000000658e+00 7.230911258399999930e+00 6.877163487199999814e+00 7.050377084800000027e+00 7.862156520000000093e+00 9.142828380000000976e+00 1.005272450400000039e+01 1.018424704000000247e+01 1.030335891200000020e+01 1.012903769600000103e+01 9.895103351999999575e+00 9.904816459999999267e+00 9.302165292000001529e+00 9.952648035999999365e+00 1.084223146800000137e+01
1.849171866000000009e+01 1.657344178800000023e+01 1.672270337600000190e+01 1.896382908800000067e+01 1.911636015200000216e+01 1.747731368800000240e+01 1.505795864000000250e+01 1.368437837600000151e+01 1.203341691199999985e+01 1.108171343600000114e+01 1.213505662800000096e+01 1.127547993199999965e+01 1.113350079199999954e+01 7.787254063999999865e+00 8.676208384000002383e+00 9.537367392000000166e+00 9.344115624000000508e+00 8.832066116000000022e+00 7.313090443200001012e+00 7.117033407600000139e+00 7.236737216800000816e+00 7.515153591999999882e+00 7.558047592000000314e+00 7.052100470400000098e+00 6.647150607999999572e+00 6.749386074000001123e+00 7.487024660000000331e+00 8.709198635999999993e+00 9.805292848000000561e+00 1.040066156800000030e+01 1.023128746000000078e+01 9.615501196000000306e+00 9.447661740000000918e+00 9.586047316000001928e+00 8.962492472000000987e+00 9.976935572000002139e+00 1.048024423600000077e+01
1.781489900000000048e+01 1.603025123600000157e+01 1.578879614400000264e+01 1.703317968000000349e+01 1.740163914000000034e+01 1.609579326800000132e+01 1.438543791200000044e+01 1.307533123600000025e+01 1.155185073999999901e+01 1.060137689200000111e+01 1.209952133200000191e+01 1.169387754000000257e+01 1.074746432400000273e+01 7.861136596000000587e+00 8.909828172000000990e+00 9.268927208000000917e+00 9.011296312000002473e+00 9.034306560000000985e+00 7.112909864400001503e+00 6.888658126000000159e+00 7.186761894000000872e+00 7.504801839999999835e+00 7.610387804000001033e+00 7.203075912000000081e+00 6.801163898000001318e+00 6.694337820800000394e+00 7.009199798000000037e+00 8.163777595999999193e+00 9.392614439999999121e+00 9.954230347999999395e+00 1.020754324800000035e+01 9.179478920000001096e+00 9.251941183999999652e+00 9.556660159999999848e+00 9.090068760000001191e+00 9.132467095999999174e+00 9.488887640000001511e+00
1.733686920000000242e+01 1.593540783600000310e+01 1.577529883200000071e+01 1.578737587600000225e+01 1.540610540800000194e+01 1.509176864400000184e+01 1.354413406000000109e+01 1.277429161199999896e+01 1.086543235599999946e+01 1.099378073600000150e+01 1.175871420400000034e+01 1.113613162400000078e+01 1.094054451599999922e+01 8.849843295999999526e+00 8.852931663999999756e+00 9.156668844000002139e+00 9.368298307999999963e+00 9.519018291999998382e+00 7.690980864000001027e+00 7.202664129600001353e+00 7.391799026800000227e+00 8.143055027999999140e+00 8.579248880000001520e+00 7.703372464000001862e+00 6.879008882399999969e+00 6.680468760800001071e+00 6.937303734799999511e+00 7.957724352000000501e+00 9.140369123999999346e+00 9.727893008000002339e+00 1.028704966000000098e+01 9.310277024000001234e+00 8.722467180000002429e+00 9.018616888000000387e+00 8.915099367999999913e+00 8.745544152000000793e+00 8.967382388000000759e+00
1.650315282000000394e+01 1.496369669200000274e+01 1.532444476400000255e+01 1.575349914799999951e+01 1.504353672399999908e+01 1.394134203200000144e+01 1.198340250800000106e+01 1.090560973599999883e+01 9.924814596000000932e+00 1.084298449599999969e+01 1.178230590400000111e+01 1.075002843200000058e+01 1.088202756800000159e+01 8.618635103999999103e+00 9.219589576000000619e+00 9.901747156000002548e+00 9.369470744000000906e+00 8.761672296000000415e+00 7.542186344000000098e+00 7.041922200799999310e+00 7.670849279999999659e+00 8.009788136000000947e+00 8.481736520000001889e+00 7.847753668000000182e+00 6.975810155200000473e+00 6.780321226800000822e+00 7.123446537200000428e+00 8.163901511999998917e+00 9.317540407999999275e+00 9.735223116000000232e+00 9.812689679999998305e+00 9.010428900000000851e+00 8.386006644000001842e+00 8.855991436000000050e+00 8.903012792000001951e+00 9.002688916000000319e+00 8.974531388000002607e+00
1.622688686400000080e+01 1.474314527599999991e+01 1.491103239200000274e+01 1.498804142000000184e+01 1.463455673200000007e+01 1.344171271999999817e+01 1.138851992000000024e+01 1.050442692000000022e+01 9.665668111999998757e+00 1.031891513600000110e+01 1.121122472000000059e+01 1.094786509200000069e+01 1.063245121199999943e+01 8.656524804000000017e+00 9.580900035999999176e+00 1.040887815199999977e+01 1.013804543600000230e+01 9.100963835999998253e+00 7.741748296000001694e+00 7.032043236000000697e+00 7.506631984000001090e+00 7.561822264000000793e+00 7.975987664000000699e+00 7.570124636000000073e+00 6.845445757199999370e+00 6.939954584000001425e+00 7.303127596800000454e+00 8.208644720000002337e+00 9.662370040000002547e+00 9.848958939999999274e+00 9.377906563999999889e+00 8.751015519999999270e+00 8.355103899999999584e+00 8.831170107999998464e+00 8.701515843999999333e+00 9.481738639999999663e+00 9.105872816000001535e+00
1.670580314000000044e+01 1.447261758400000176e+01 1.442891336399999958e+01 1.455208586799999892e+01 1.387398892000000217e+01 1.336176783600000206e+01 1.191116901200000200e+01 1.044460408800000195e+01 9.884446576000001983e+00 1.018978513200000080e+01 1.099880410000000097e+01 1.023457600000000056e+01 9.761769736000001529e+00 8.489676676000001976e+00 9.625929204000001960e+00 1.004302092800000068e+01 1.059022445200000107e+01 9.684551003999999352e+00 8.225602148000000113e+00 7.665387443999999384e+00 7.943683716000001560e+00 7.680038128000000519e+00 7.497138112000000909e+00 7.383907484000000743e+00 6.777348195999999270e+00 6.702855616000001682e+00 7.375806237199999948e+00 8.459555556000001530e+00 9.711974568000002250e+00 9.961550924000000862e+00 9.522688112000000871e+00 8.904375867999998917e+00 8.187178656000000387e+00 8.630921852000000172e+00 8.388065556000000811e+00 9.396665540000000760e+00 9.075599184000001429e+00
1.614898182800000015e+01 1.359494915199999809e+01 1.356112961599999878e+01 1.448876479200000134e+01 1.414057989600000198e+01 1.273786984000000189e+01 1.190236144400000029e+01 1.060549471599999904e+01 9.803233936000001592e+00 9.761350328000002463e+00 1.042193699199999912e+01 1.008037683600000278e+01 9.964801336000000731e+00 8.022846976000000296e+00 9.406979163999999116e+00 9.624737704000001060e+00 9.784656068000000317e+00 9.735709247999999150e+00 8.207948884000000334e+00 7.767074820000000379e+00 8.233380260000000561e+00 8.445057383999998279e+00 8.328852772000001181e+00 7.420014700000000296e+00 6.500549401200001576e+00 6.649983518400000015e+00 7.469056840000001252e+00 8.715994951999999074e+00 9.671463568000000066e+00 9.365047896000000094e+00 9.249434268000001680e+00 8.969193468000000280e+00 8.259783900000002177e+00 8.765628076000002267e+00 8.466971451999999232e+00 8.791049919999998963e+00 8.875722675999998756e+00
1.535561440400000066e+01 1.279464243199999984e+01 1.266584604799999880e+01 1.423141985600000226e+01 1.499074850799999936e+01 1.321623326000000276e+01 1.145956191600000196e+01 1.026900558400000207e+01 9.384760072000002395e+00 9.274598748000002502e+00 1.023168780399999989e+01 1.026776642400000128e+01 9.971788291999999387e+00 8.413754296000000465e+00 8.632828251999999480e+00 9.795169864000001780e+00 9.845193800000000550e+00 9.526357931999999806e+00 8.583538280000002629e+00 7.585795244000000714e+00 8.496549248000000887e+00 8.639033583999999877e+00 8.837937828000001161e+00 7.939203675999999099e+00 6.761653758000000458e+00 6.721520225199999921e+00 7.665072888000000084e+00 9.099267140000002030e+00 9.613108663999998527e+00 8.970632800000000628e+00 8.927042964000001746e+00 8.727004411999999434e+00 8.212305008000001294e+00 8.408778592000000884e+00 8.087883812000001171e+00 8.087464403999998552e+00 8.325773936000000930e+00
1.531912590800000018e+01 1.265101425599999985e+01 1.254124374399999908e+01 1.471878148400000086e+01 1.600290392800000205e+01 1.457092110000000318e+01 1.138744280399999909e+01 9.716263967999999807e+00 9.179345472000001394e+00 9.700288335999999845e+00 1.069940397999999959e+01 1.019721056000000203e+01 9.576372336000002150e+00 8.042835579999998430e+00 8.560775864000000013e+00 9.302784872000000149e+00 9.899459476000000535e+00 9.219379872000001086e+00 8.937375652000000059e+00 8.133503964000002640e+00 8.494109055999999214e+00 9.116605847999998957e+00 9.271929788000001338e+00 8.720503587999999695e+00 7.610206696000001436e+00 7.190934050400000110e+00 7.807623947999998926e+00 8.956039308000001142e+00 9.716454607999999382e+00 9.703891431999998929e+00 9.386161275999999276e+00 8.830769763999999356e+00 8.311657044000000383e+00 7.992258788000001779e+00 7.772965596000001476e+00 7.741357484000000788e+00 7.929566824000001013e+00
1.447382814799999906e+01 1.274005266800000058e+01 1.249806378399999929e+01 1.420796160400000119e+01 1.561304512800000310e+01 1.485496516799999966e+01 1.176339441600000058e+01 9.655392616000000316e+00 8.936832328000001269e+00 8.901792696000001115e+00 1.065392680800000136e+01 1.046530759200000205e+01 9.393929855999999745e+00 7.794870132000000673e+00 8.500009364000000289e+00 9.663237452000000616e+00 1.009971726400000236e+01 9.938559740000002307e+00 9.480261179999999399e+00 8.739920271999999102e+00 8.314745412000000613e+00 8.944619972000001695e+00 8.754475636000002226e+00 8.597035592000001003e+00 7.790018344000000816e+00 7.318906869600000142e+00 7.771459540000001276e+00 8.530902576000002568e+00 9.497332992000000473e+00 9.790689824000001096e+00 8.874035512000002512e+00 8.302506323999999438e+00 7.784032247999999932e+00 7.386809978000001387e+00 7.544197596000000949e+00 7.977855936000001869e+00 8.064968883999998894e+00
1.468656332400000153e+01 1.301038018800000273e+01 1.249504214000000246e+01 1.351692020000000127e+01 1.466565964800000188e+01 1.432040107599999956e+01 1.194571297999999970e+01 9.883512440000000510e+00 8.874874328000000645e+00 8.640339468000000522e+00 1.015961635200000046e+01 1.080318839599999947e+01 9.544611712000001802e+00 8.413125183999998313e+00 8.582423036000001559e+00 9.906551283999998958e+00 1.046265769600000084e+01 9.722354916000000458e+00 9.574723300000002268e+00 8.429005496000002040e+00 8.483833560000000773e+00 8.776189532000000071e+00 8.819598260000002909e+00 8.699437868000000407e+00 7.755569696000001123e+00 7.293860586400000123e+00 7.781515800000000205e+00 8.645162660000000443e+00 9.504405736000002491e+00 9.425023240000001579e+00 8.195824179999998904e+00 7.572345592000000458e+00 7.615782915999999680e+00 7.312179184000000554e+00 7.466330688000000215e+00 7.532187276000001042e+00 7.038754717200000677e+00
1.501563656000000080e+01 1.345954709200000110e+01 1.290718675600000154e+01 1.354062628400000179e+01 1.384387733200000170e+01 1.388734325200000086e+01 1.223109152800000032e+01 1.003543345599999981e+01 9.091956096000000542e+00 9.323850591999999438e+00 1.016419171200000093e+01 1.018764996400000200e+01 9.321162568000001869e+00 8.414535919999998725e+00 8.553960484000000974e+00 9.806265112000001949e+00 1.042255657200000130e+01 9.799049388000000249e+00 9.759939592000002051e+00 8.251634040000002557e+00 8.030949176000000023e+00 8.108320420000001860e+00 8.284767271999999849e+00 8.252234556000001220e+00 7.450135820000000741e+00 7.067898807200001521e+00 7.698187056000000972e+00 8.763149756000000679e+00 9.719514379999999676e+00 9.276219188000002447e+00 7.766207408000000534e+00 7.467932064000001979e+00 7.615096612000001208e+00 7.060091146000000428e+00 6.891056377200000860e+00 6.757901009600000286e+00 6.027465756000000674e+00
1.385959560000000224e+01 1.205135613599999900e+01 1.228521422400000063e+01 1.325777371599999910e+01 1.314093999199999985e+01 1.299816016400000152e+01 1.187407999999999930e+01 9.893864191999998781e+00 9.465734411999999764e+00 9.256611863999999912e+00 1.055849242400000065e+01 1.035065669600000149e+01 9.137728759999998118e+00 8.236277988000001216e+00 8.362195708000001559e+00 9.797781631999999519e+00 1.039726817600000075e+01 9.507446443999999275e+00 9.906332047999999446e+00 8.365265011999998279e+00 7.982278783999999128e+00 7.697948755999999726e+00 7.447657500000000930e+00 7.778027088000000866e+00 7.390549381600000522e+00 6.865796577200000250e+00 7.365048422000000095e+00 8.346772932000000367e+00 8.913059520000000902e+00 8.675217056000001037e+00 7.816450580000000592e+00 7.345993953999999881e+00 6.750058079999999627e+00 6.172267321200000545e+00 6.071789555999999699e+00 6.165398562000000915e+00 5.203740818400000023e+00
1.365972862399999954e+01 1.257079294400000080e+01 1.224912607199999925e+01 1.293467704400000073e+01 1.315049105599999990e+01 1.231368630800000119e+01 1.171731672800000013e+01 1.014250641199999947e+01 9.597666824000000929e+00 9.033134124000000043e+00 1.055111465599999931e+01 1.088113156000000004e+01 9.240559976000000120e+00 8.792565507999999141e+00 8.898456496000001437e+00 9.616292351999998544e+00 1.048390452399999972e+01 9.624203911999998695e+00 9.557994640000000430e+00 8.443465540000001823e+00 8.182812999999999448e+00 7.740156451999999909e+00 7.638974272000001342e+00 7.870887832000000195e+00 7.248857154800000480e+00 6.709926453600000507e+00 6.622645742400000479e+00 7.425623328799999534e+00 8.414554983999998683e+00 8.255780460000000431e+00 7.673489643999999110e+00 6.675588376800001278e+00 5.809376455599999822e+00 5.607670756800001044e+00 5.588990896400000352e+00 5.309505030799999581e+00 4.396431891199999775e+00
1.455179990799999956e+01 1.276505510400000176e+01 1.198279245999999887e+01 1.263997619999999955e+01 1.290946490400000002e+01 1.189798625599999937e+01 1.109980517199999994e+01 9.923985311999999226e+00 9.691795324000000988e+00 9.561797907999999069e+00 1.065319284399999944e+01 1.140908997600000063e+01 9.503843348000000191e+00 9.155944412000000199e+00 9.363055708000000976e+00 9.681395911999999271e+00 1.080808784399999922e+01 9.555201763999999542e+00 9.276590936000001619e+00 8.192078104000000138e+00 8.062643076000000519e+00 7.846314336000001610e+00 7.460649616000000428e+00 7.802095388000000575e+00 7.244617321200000681e+00 6.455299090799999640e+00 6.506057944000001036e+00 6.992231884799999797e+00 7.535237515999999580e+00 7.624342652000001941e+00 7.130602209600001906e+00 6.636068704800000440e+00 6.125612947200001379e+00 5.653126005200000748e+00 5.411152372400000132e+00 4.868917880000000586e+00 4.153066586400000482e+00
