SOC_LEM/input/soci_converted.asc
ncols	165
nrows	156
xllcorner	465092.0
yllcorner	4758772.0
cellsize	3.0
NODATA_value	-9999
[rows 0 to 16 of 156, columns 37 to 73 of 165]
5.678234246400000629e+00 4.879919714400000608e+00 4.806468982000000167e+00 5.017807719999999527e+00 5.383498134000000768e+00 5.121519692799999746e+00 4.658807816800000445e+00 4.434095682800000660e+00 4.219089984400000048e+00 4.390091204800000035e+00 4.466388192400000179e+00 4.157213959599999953e+00 3.904983894800000854e+00 3.864292740000000670e+00 3.855745395600000514e+00 3.923561762800000352e+00 3.799137707199999880e+00 3.571870044000000632e+00 3.657057528000000168e+00 3.753663394800000219e+00 3.633313315999999737e+00 3.592567828800000918e+00 3.407736629600000455e+00 3.335563185200000724e+00 3.599043869600000001e+00 3.649671181200000447e+00 3.715668842800000427e+00 3.819045289199999971e+00 4.416002040400000439e+00 4.671462500000000517e+00 4.354810413200000063e+00 4.536817280800000241e+00 4.627340778400000687e+00 4.519234553600000481e+00 4.187235946800000441e+00 4.568658926800000408e+00 4.940618537200000659e+00
5.755914327200000180e+00 4.947058356400000356e+00 4.744646336399999775e+00 5.031522361600000437e+00 5.412983469600000319e+00 5.194330828000000011e+00 4.764589186800000320e+00 4.567129040800000261e+00 4.195761367600000291e+00 4.168845859200000170e+00 4.282778042400000373e+00 4.058606372799999917e+00 3.829590540799999943e+00 3.791834288800000508e+00 3.765211412800000268e+00 3.759656163200000734e+00 3.666530429599999863e+00 3.479865273599999753e+00 3.501286537200000382e+00 3.659164099999999920e+00 3.653311452000000514e+00 3.521704081200000225e+00 3.309303478400000387e+00 3.316958627600000042e+00 3.562159795600000400e+00 3.514119468800000590e+00 3.694736570799999953e+00 3.708943063600000478e+00 4.176255082800000018e+00 4.844879129199999745e+00 4.604143703200000992e+00 4.573033161600000618e+00 4.533790870799999873e+00 4.729313161200000337e+00 4.741217675999999770e+00 4.914705795200000615e+00 5.158992844400000166e+00
5.756198380800000791e+00 4.928205013600000406e+00 4.716166626799999761e+00 5.063983587600001002e+00 5.465347511600000097e+00 5.444829881600000476e+00 4.936040317599999838e+00 4.683609127600000477e+00 4.326659557600000205e+00 4.140568228000000239e+00 4.050168646399999517e+00 3.818003441600000158e+00 3.678557907200000088e+00 3.632809073200000682e+00 3.592448678800000295e+00 3.671812110800000362e+00 3.532025330799999807e+00 3.267669608800000347e+00 3.259838117600000196e+00 3.282945591999999913e+00 3.215974713200000501e+00 3.368690697999999983e+00 3.493267265600000115e+00 3.315549798000000159e+00 3.302257424000000441e+00 3.380506565200000146e+00 3.767969973600000522e+00 4.005072754400000434e+00 4.380464838000000860e+00 5.175739615200000365e+00 4.714248788400000834e+00 4.550387989200000760e+00 4.367778699200000503e+00 4.501837700400000308e+00 4.898692988400000559e+00 5.301725012400000381e+00 5.479900016000000207e+00
5.756137376000000749e+00 5.163862743200000160e+00 4.783267140800000483e+00 4.985343634400000390e+00 5.301805081200000380e+00 5.317942757199999981e+00 4.935818221999999977e+00 4.563879582000000212e+00 4.277303814800000659e+00 4.155177924400000222e+00 3.982519089200000195e+00 3.627300530400000333e+00 3.470422874400000524e+00 3.387515444799999997e+00 3.276303694400000133e+00 3.297884142400000940e+00 3.280302368400000113e+00 3.085152779200000417e+00 2.974060178800000287e+00 3.034602676800000509e+00 3.108141103600000399e+00 3.183713659200000379e+00 3.250532979199999950e+00 3.259057446799999980e+00 3.463126128400000781e+00 3.563598174400000929e+00 3.857540271200000426e+00 4.231752293199999571e+00 4.604321951600000240e+00 5.065411481199999955e+00 4.980128677199999743e+00 5.080260430800000115e+00 4.531861594000000437e+00 4.665171380000000312e+00 5.424365630800000559e+00 5.894231272800000809e+00 5.801159871599999462e+00
5.804459850000000642e+00 5.082049587200000218e+00 4.788850033200000134e+00 5.049248068800000766e+00 5.264042156799999539e+00 5.391024601199999822e+00 4.944574317199999847e+00 4.307534552800000860e+00 4.016703700800000831e+00 3.921193060800000296e+00 3.817844257200000868e+00 3.462144332400000302e+00 3.250226048800000100e+00 3.247404576800000164e+00 3.056366139200000553e+00 2.964002012400000829e+00 3.100849123600000645e+00 3.021927976400000659e+00 2.746875444000000499e+00 2.673013882399999375e+00 2.842353675200000040e+00 3.039151347199999798e+00 3.119737734800000162e+00 3.200363203600000261e+00 3.427994036000000300e+00 3.654537267200000272e+00 3.968900720800000670e+00 4.401557247600000444e+00 4.761520835999999868e+00 5.088530394000000179e+00 4.800067290800000386e+00 5.045758403600000719e+00 4.861264637200000571e+00 5.037040436399999876e+00 5.575981622799999649e+00 6.105321225600000012e+00 6.091238648800000099e+00
5.736841748400000718e+00 5.070010671200000374e+00 4.822152934800000956e+00 5.441813003600000087e+00 5.510967663599999788e+00 5.458050765600000354e+00 4.638383600400000084e+00 3.974889676400000127e+00 3.970526879999999537e+00 3.677187205600000119e+00 3.598276543599999933e+00 3.414910412800000294e+00 3.100803370000000392e+00 3.082035815200000251e+00 2.978326701999999493e+00 2.933378556000000970e+00 3.069861544800000175e+00 2.995741665999999803e+00 2.702942455999999716e+00 2.536202039600000901e+00 2.632175934800000228e+00 2.877008214399999986e+00 3.072111096799999608e+00 3.312715934399999895e+00 3.542862261599999840e+00 3.717279750800000393e+00 4.177092945600000107e+00 4.314453831599999845e+00 4.547842945200000209e+00 5.003663185200000640e+00 4.834358660799999541e+00 4.829432523200000382e+00 4.794066896800000421e+00 5.565743301600000414e+00 6.013524252800000802e+00 6.245953494000000994e+00 6.485677574799999512e+00
5.369837824800000270e+00 4.786538523200000839e+00 4.601856023199999868e+00 5.279790927199999651e+00 5.250966159199999872e+00 5.146585993200000431e+00 4.338019795200000139e+00 3.748295925599999912e+00 3.930303746399999909e+00 3.647999268400000439e+00 3.430237868800000811e+00 3.315555517199999969e+00 3.113564811599999871e+00 3.084551310000000157e+00 3.035150766800000177e+00 3.018697581599999680e+00 3.053273005200000334e+00 2.949158782000000478e+00 2.672012069200000006e+00 2.425022698000000254e+00 2.453204056000000577e+00 2.713246547999999869e+00 2.905239138799999843e+00 3.176963096799999775e+00 3.632984462000000470e+00 3.823412851599999662e+00 4.144555463600000600e+00 4.265467930400000718e+00 4.416063998400000301e+00 4.706382982000000936e+00 4.621642548799999695e+00 5.019923824000000145e+00 5.252330188400000210e+00 5.774879194399999527e+00 6.368428255600000476e+00 7.147901836399999986e+00 7.149588047200000851e+00
5.261555258000000457e+00 4.835372865600000125e+00 4.502154162800000137e+00 4.636921391600000497e+00 4.706447799600000259e+00 4.904217735599999628e+00 4.301973584000000628e+00 3.715293282000000197e+00 3.772216479599999950e+00 3.670057269600000005e+00 3.382351960400000301e+00 3.269651311600000554e+00 3.190011451600000214e+00 3.060133185599999806e+00 2.921150906400000302e+00 2.812275449200000388e+00 2.671216147200000002e+00 2.496421190799999579e+00 2.371943756000000292e+00 2.343948272000000443e+00 2.462001138799999822e+00 2.706333941599999626e+00 2.885791952399999971e+00 3.065679856400000070e+00 3.528162011200000059e+00 3.796473513200000482e+00 3.962116796400000140e+00 4.204627080800000805e+00 4.744825538000000620e+00 5.201598978000000706e+00 5.048988798399999922e+00 5.643463416800000410e+00 5.654357539600000315e+00 5.768606185200000347e+00 6.380323238399999930e+00 7.082839263999999524e+00 7.558009464000000399e+00
5.358831224400000259e+00 4.850280913600000687e+00 4.543310479199999641e+00 4.739334152799999700e+00 4.721427337600000662e+00 4.706725180800000352e+00 4.250159538400000159e+00 3.675979501200000499e+00 3.785090398800000422e+00 3.654388568000000781e+00 3.264627947600000191e+00 3.050072159599999999e+00 3.021136820399999756e+00 2.947877681200000488e+00 2.679055264000000491e+00 2.456900565599999808e+00 2.339969615200000241e+00 2.193197785599999783e+00 2.090349412000000129e+00 2.200367756000000341e+00 2.564157489200000306e+00 2.855262862800000079e+00 2.794585963600000333e+00 2.916141840399999907e+00 3.375559457199999613e+00 3.612214234000000523e+00 3.847037913600000358e+00 4.013907965200000483e+00 4.472997681199999853e+00 5.353055785600000505e+00 5.720884227200000893e+00 5.769074206400000904e+00 5.655347914400000953e+00 6.185064031200000478e+00 6.863691911600001028e+00 7.558457468000001178e+00 7.709539667999998791e+00
4.911527826400000407e+00 4.594427735600000950e+00 4.512057910800000293e+00 4.433734420000000398e+00 4.459055224800000161e+00 4.216006382399999808e+00 3.680332765600000222e+00 3.417079895999999728e+00 3.331606451999999940e+00 3.299262469600000358e+00 3.088083869200000109e+00 2.876591666000000380e+00 2.827395107600000124e+00 2.797550415599999951e+00 2.561577176800000188e+00 2.348648501200000460e+00 2.212173138000000705e+00 2.057809070400000273e+00 2.017927182400000241e+00 2.206895269600000375e+00 2.594419682800000793e+00 2.961748647600000339e+00 2.984665482000000480e+00 2.982728579600000707e+00 3.284553640400000418e+00 3.399266494399999949e+00 3.471981356400000607e+00 3.858150319199999956e+00 4.666159848399999532e+00 5.488579855200000246e+00 5.722376938400000945e+00 6.037166472400000039e+00 5.714819968799999650e+00 6.389947698799999465e+00 7.493172800000000855e+00 7.670487064000000466e+00 8.009263876000002114e+00
4.807468888799999895e+00 4.324631148000000813e+00 4.199135695599999885e+00 4.310459923600000742e+00 4.143532680000000745e+00 3.745993947599999707e+00 3.741315641999999997e+00 3.198330027999999992e+00 3.030249412399999898e+00 3.107949510400000115e+00 2.894426991200000465e+00 2.581185454000000767e+00 2.477298092400000762e+00 2.473685464399999923e+00 2.348230046400000326e+00 2.229864530000000400e+00 2.127073348400000619e+00 2.020287305600000138e+00 2.102643785599999759e+00 2.413089587199999997e+00 2.734343723600000331e+00 2.928219837600000375e+00 3.017216308800000135e+00 3.111277131600000523e+00 3.287927015200000191e+00 3.215370384399999892e+00 3.257977471200000252e+00 3.735736562400000516e+00 4.563325772800000735e+00 5.535764208399999831e+00 5.864435194000000351e+00 5.944177046400000997e+00 5.802681178800000339e+00 6.668563292800000930e+00 7.677292911999999525e+00 7.847391452000000989e+00 8.037840812000002444e+00
4.576826897600001054e+00 4.275622369999999783e+00 3.879015867199999690e+00 3.909050245999999618e+00 3.793718765200000398e+00 3.730846646399999855e+00 3.577873297600000946e+00 3.230709278800000028e+00 2.969509602000000470e+00 3.250253691600000217e+00 3.073050952000000002e+00 2.516509880800000154e+00 2.376661142799999737e+00 2.239005717999999590e+00 2.020707666799999913e+00 2.077220988400000579e+00 2.173599040400000071e+00 2.154396826400000187e+00 2.339685561600000518e+00 2.745705867599999905e+00 2.996772075199999996e+00 3.049166619600000239e+00 3.070869077200000241e+00 3.127556834399999985e+00 3.253365889600000394e+00 3.181859685200000953e+00 3.321158426800000285e+00 3.963653354799999917e+00 4.735579497999999887e+00 5.529869619600000341e+00 6.107590794800000999e+00 6.118874776400001103e+00 6.210438215199999057e+00 6.850333766800001278e+00 8.288932756000001234e+00 8.485044123999998078e+00 8.005594055999999625e+00
4.220720909600000681e+00 3.855919831199999592e+00 3.570239118800000000e+00 3.828626855600000489e+00 3.694950087600000543e+00 3.730188938400000431e+00 3.731497682000000538e+00 3.155033777600000811e+00 2.965932242400000085e+00 3.266429495600000621e+00 3.196912619599999950e+00 2.539380008400000222e+00 2.254447557999999852e+00 2.145294719599999844e+00 1.935427722400000050e+00 2.048376203200000134e+00 2.212990030400000308e+00 2.292209529199999984e+00 2.652721207599999964e+00 3.119172487200000177e+00 3.296185539999999747e+00 3.394624410400000514e+00 3.391944011999999731e+00 3.255632599200000143e+00 3.342638788800000427e+00 3.434943817200000638e+00 3.532243613600000387e+00 4.091352605600000025e+00 4.798635584400000376e+00 5.480777913200000739e+00 5.737811152799999981e+00 5.973905448000000895e+00 6.649062727199999578e+00 7.061073895200000727e+00 7.389274000000001230e+00 8.017070583999998945e+00 8.611238272000001359e+00
3.963086200800000292e+00 3.505640754799999925e+00 3.675514339600000291e+00 3.594610536400000278e+00 3.408719378799999866e+00 3.447031346400000196e+00 3.344625257600000623e+00 3.010899452400000342e+00 2.875708049600000038e+00 3.176778176000000897e+00 3.032792549999999920e+00 2.579705134400000155e+00 2.312711907999999816e+00 2.136280307200000728e+00 2.040162478800000123e+00 2.201339066800000133e+00 2.334328577600000010e+00 2.378748650800000419e+00 2.748036441600000046e+00 3.304748135599999692e+00 3.540932031600000585e+00 3.588320369600000781e+00 3.549444107600000287e+00 3.426709122400000140e+00 3.430540986400000492e+00 3.402561706800000252e+00 3.461750660799999935e+00 4.040298260400000174e+00 4.862700156399999862e+00 5.432923460400000515e+00 5.297118196799999623e+00 5.777615831600000362e+00 6.967904314399999244e+00 7.306056780399999617e+00 7.817746932000001259e+00 8.381869756000000393e+00 8.953799287999999024e+00
4.236158936800000774e+00 3.894320446400000080e+00 3.331861909600000615e+00 3.227806784800000273e+00 3.433615056399999865e+00 3.594686792400000108e+00 3.560270553200000521e+00 3.115170000400000028e+00 2.830129838400000430e+00 2.878576228400000936e+00 2.996776841199999986e+00 2.684795434399999792e+00 2.291722444000000358e+00 2.205415903199999583e+00 2.123038452800000364e+00 2.244582891200000319e+00 2.404859658400000377e+00 2.575170762000000835e+00 2.998553606000000649e+00 3.478699510000000217e+00 3.624760252399999771e+00 3.589231628800000351e+00 3.495641686799999981e+00 3.431090982800000688e+00 3.556921961600000515e+00 3.509261008400000215e+00 3.460393304000000114e+00 4.115518132000000051e+00 5.012873956800000030e+00 5.402783276400000112e+00 5.468801908400000578e+00 5.948515059600000932e+00 6.617007564400000597e+00 7.197461564000000145e+00 8.067761759999999782e+00 8.326831987999998574e+00 8.385348935999999753e+00
4.003397982000000077e+00 3.947211608000000815e+00 3.560884414000000220e+00 3.351349130400000043e+00 3.494038404400000353e+00 3.702492759200000982e+00 3.614701132799999606e+00 3.174609646000000396e+00 3.049795731600000614e+00 3.231484230399999547e+00 3.172345796000000107e+00 2.485064765999999814e+00 2.191177954800000549e+00 2.344805198800000490e+00 2.291156243199999665e+00 2.390084105200000586e+00 2.658142055999999975e+00 2.872373756000000888e+00 3.241889361600000186e+00 3.686337925600000176e+00 3.818399019600000166e+00 3.801643670000000697e+00 3.751964792400000803e+00 3.664319005600000345e+00 3.764840618000000028e+00 3.688436871999999589e+00 3.501936619600000355e+00 4.137210104400000255e+00 5.026972738000000440e+00 5.506849839600000074e+00 5.758756769599999714e+00 6.240360116400000656e+00 6.751177136800001755e+00 6.789255570400000828e+00 7.726621011999999844e+00 8.387093291999999423e+00 8.277303716000002254e+00
3.824220212000000174e+00 3.700099274000000271e+00 3.506011549600000166e+00 3.422348232400000079e+00 3.633220855600000299e+00 3.795998819600000296e+00 3.691053405999999981e+00 3.171964516000000067e+00 2.993183277200000880e+00 3.018126614799999885e+00 2.631526805600000074e+00 2.211989170399999871e+00 2.331849304400000378e+00 2.633818298400000479e+00 2.631578278400000137e+00 2.813551784000000389e+00 3.036404224800000051e+00 3.121530704000000433e+00 3.394000064400000127e+00 3.810954527599999864e+00 4.015362548400000620e+00 4.016599802000000885e+00 3.976356651200000591e+00 3.913294845600000293e+00 3.832344335600000207e+00 3.709396786800000179e+00 3.695185528000000552e+00 4.292201377600000534e+00 5.071121149199999678e+00 5.537793571199999931e+00 5.696688198400000402e+00 6.203367377600000232e+00 6.868491273599999225e+00 7.020363676399999697e+00 8.051137952000001263e+00 8.349213124000002040e+00 8.494118587999999193e+00
