SOC_LEM/input/soci_converted.asc
ncols	165
nrows	156
xllcorner	465092.0
yllcorner	4758772.0
cellsize	3.0
NODATA_value	-9999
[rows 51 to 67 of 156, columns 37 to 73 of 165]
1.555394672799999967e+01 1.811863617999999931e+01 2.301806511600000249e+01 2.489521140800000154e+01 2.045441465200000408e+01 1.754911824400000242e+01 1.813277213599999982e+01 2.010504778800000381e+01 2.006577594800000242e+01 1.888475161600000263e+01 1.752075101200000162e+01 1.449357845200000128e+01 1.453712062800000027e+01 1.531954531600000280e+01 1.427338925200000119e+01 1.386885117199999939e+01 1.395309498800000014e+01 1.318758006799999905e+01 1.235214792800000083e+01 1.226095528400000134e+01 1.222047288000000265e+01 1.175595945599999936e+01 1.146321267200000094e+01 1.186913289199999966e+01 1.241805217599999978e+01 1.238958962400000274e+01 1.216338573200000184e+01 1.213768746000000220e+01 1.221602143600000190e+01 1.256324359999999984e+01 1.284053901200000070e+01 1.313091232800000085e+01 1.296613264400000176e+01 1.352048516800000044e+01 1.522097490400000197e+01 1.825239873600000351e+01 2.273749069600000183e+01
1.549553463200000181e+01 1.799267080000000263e+01 2.008203754000000174e+01 2.033800033600000035e+01 1.803851972000000359e+01 1.559681213200000371e+01 1.679958848800000482e+01 2.004460537599999981e+01 2.025023921200000032e+01 2.002281522400000213e+01 1.987309610000000148e+01 1.511586554000000149e+01 1.411930447199999961e+01 1.440778092000000044e+01 1.364664118800000026e+01 1.403831106800000228e+01 1.343422056800000064e+01 1.273929010799999872e+01 1.291208620400000129e+01 1.250954984400000214e+01 1.208880736400000089e+01 1.190176092800000163e+01 1.161710681199999939e+01 1.221928138000000175e+01 1.262747974800000250e+01 1.184150915600000076e+01 1.135681648799999977e+01 1.156859846400000080e+01 1.180773728000000133e+01 1.203573318800000180e+01 1.276220503600000100e+01 1.363881541600000347e+01 1.313086466800000096e+01 1.450988770400000405e+01 1.675190942400000438e+01 1.834155153200000044e+01 2.168076364400000244e+01
1.409490255200000064e+01 1.671168438400000156e+01 1.872750221200000098e+01 1.853960742800000361e+01 1.813154250800000256e+01 1.671960547600000169e+01 1.596789289200000184e+01 1.704928876000000315e+01 1.974681616400000195e+01 1.997926351600000316e+01 1.807393110000000291e+01 1.542271968400000048e+01 1.437855580800000155e+01 1.492741790000000179e+01 1.446384814400000351e+01 1.402646279200000023e+01 1.332235301600000099e+01 1.306142404799999923e+01 1.292384869199999997e+01 1.172336954800000086e+01 1.129600232800000015e+01 1.145984787600000132e+01 1.154607434800000121e+01 1.198261135199999927e+01 1.207248858000000169e+01 1.166521481600000243e+01 1.157785403600000151e+01 1.160434346399999939e+01 1.153697128800000016e+01 1.184375870799999930e+01 1.260899720000000102e+01 1.341275450400000224e+01 1.428143426000000105e+01 1.559596378400000205e+01 1.752457334400000022e+01 1.848891625200000277e+01 1.972484490400000468e+01
1.349576869200000218e+01 1.632042438000000217e+01 1.821688250400000086e+01 1.701574565200000322e+01 1.631598246800000140e+01 1.606294599600000339e+01 1.739006729200000123e+01 1.928065370400000234e+01 2.030897539600000457e+01 1.898390348000000216e+01 1.939828811600000336e+01 1.589224693999999971e+01 1.327846768799999921e+01 1.478430445200000065e+01 1.402937005200000087e+01 1.327271036000000137e+01 1.287484467999999893e+01 1.242058768800000124e+01 1.222810801199999986e+01 1.148868217600000108e+01 1.108010252800000117e+01 1.136748279600000089e+01 1.161123510000000181e+01 1.160208438000000086e+01 1.129548760000000129e+01 1.143312014800000043e+01 1.219842536400000199e+01 1.204115689600000039e+01 1.156571026800000013e+01 1.260201977599999879e+01 1.379821905200000032e+01 1.389941076400000242e+01 1.544427153600000224e+01 1.683308393600000130e+01 1.806676303600000466e+01 1.952070759200000083e+01 1.896663149600000153e+01
1.305338857199999936e+01 1.452092576000000079e+01 1.735505625600000101e+01 1.775275036000000028e+01 1.652674452000000116e+01 1.523168887200000299e+01 1.598434512400000074e+01 1.906886219600000132e+01 1.889086162799999968e+01 1.710860639600000255e+01 1.616052507999999932e+01 1.557705229600000152e+01 1.349720802400000252e+01 1.573923927600000283e+01 1.413263974000000189e+01 1.249844506400000199e+01 1.354222766000000178e+01 1.288118345999999903e+01 1.214510335599999991e+01 1.181331349999999958e+01 1.142826836000000057e+01 1.163644724000000252e+01 1.179045576400000073e+01 1.154645562800000036e+01 1.151855546400000208e+01 1.221699369999999973e+01 1.316224401200000216e+01 1.277189908000000074e+01 1.188559465599999854e+01 1.298140290799999974e+01 1.473149717200000097e+01 1.453115359599999934e+01 1.566742518800000283e+01 1.774914726400000120e+01 1.893672961200000060e+01 2.026077207200000174e+01 1.982450196400000308e+01
1.353479270000000056e+01 1.448477088400000312e+01 1.702265635200000204e+01 1.818227181200000331e+01 1.650037900800000301e+01 1.481572192400000176e+01 1.550252158800000046e+01 1.823055139200000241e+01 1.822030449200000035e+01 1.833469802400000148e+01 1.754563906400000306e+01 1.422419460000000413e+01 1.227837024800000165e+01 1.446923372400000218e+01 1.473353702000000354e+01 1.392941749999999956e+01 1.412531916400000043e+01 1.307022208400000096e+01 1.220699463200000068e+01 1.160156965200000201e+01 1.161072990399999938e+01 1.204814385200000260e+01 1.181644952799999970e+01 1.163551310400000105e+01 1.203875483200000218e+01 1.294541960800000169e+01 1.371642496000000122e+01 1.317772397999999967e+01 1.255600881200000174e+01 1.358976374399999898e+01 1.489494237599999948e+01 1.518436249200000177e+01 1.670295307199999968e+01 1.891686492400000219e+01 2.064750437600000055e+01 2.268049886800000081e+01 2.142098804800000167e+01
1.295050969600000101e+01 1.502670321200000103e+01 1.786540906800000172e+01 1.807875429200000283e+01 1.603900161200000341e+01 1.483925643200000266e+01 1.562590379600000290e+01 1.793012181600000332e+01 1.739188790400000073e+01 1.913682535600000278e+01 1.936895815200000115e+01 1.755758266000000134e+01 1.444301119200000016e+01 1.241003576399999986e+01 1.296446454400000192e+01 1.373186680000000237e+01 1.351975120400000208e+01 1.255487450400000071e+01 1.252428631600000131e+01 1.194657086000000135e+01 1.168550844399999988e+01 1.218629112800000058e+01 1.185937212400000007e+01 1.220107525999999964e+01 1.311387864399999970e+01 1.331961733199999998e+01 1.388029910399999878e+01 1.383496491200000023e+01 1.283950955599999944e+01 1.372510861199999965e+01 1.552185248400000361e+01 1.704765878800000323e+01 1.981384518800000194e+01 2.085637909200000095e+01 2.061206440000000129e+01 2.276976604800000104e+01 2.341354779599999958e+01
1.230502171999999916e+01 1.468972794800000159e+01 1.771359290400000219e+01 1.776064285600000048e+01 1.571375070800000273e+01 1.436555416000000207e+01 1.517056015600000052e+01 1.852570977200000257e+01 1.901598819200000179e+01 1.799318552800000148e+01 1.845516344000000331e+01 1.822312596400000473e+01 1.427598195600000253e+01 1.323768979199999762e+01 1.373515534000000216e+01 1.325589591199999973e+01 1.430973476800000199e+01 1.364084573199999895e+01 1.221981517200000056e+01 1.206105971199999871e+01 1.226694138000000223e+01 1.287208040000000153e+01 1.282666995199999960e+01 1.317461654799999948e+01 1.367322593599999792e+01 1.309226006800000164e+01 1.320296471600000032e+01 1.401354693200000057e+01 1.399523596000000225e+01 1.484500422800000052e+01 1.640329558799999887e+01 1.832320243200000220e+01 2.210541424400000210e+01 2.210569067200000148e+01 2.116240395200000179e+01 2.298359740400000462e+01 2.341204173999999938e+01
1.323752774800000154e+01 1.488297971600000125e+01 1.733392381200000187e+01 1.766260623600000201e+01 1.611831738400000447e+01 1.492160338000000053e+01 1.548394372000000274e+01 1.864194298000000316e+01 2.099172396000000163e+01 1.880937255999999991e+01 1.852652952400000075e+01 1.841515763600000000e+01 1.596038167600000079e+01 1.440549324000000198e+01 1.362568032000000073e+01 1.406208387600000265e+01 1.481879122800000204e+01 1.417211175200000284e+01 1.299918961999999922e+01 1.337273916799999895e+01 1.392935077600000326e+01 1.435646063200000100e+01 1.388977391199999900e+01 1.390894276400000251e+01 1.469295929600000150e+01 1.412007656400000144e+01 1.357183405199999982e+01 1.402060061200000263e+01 1.446499198400000097e+01 1.580799359199999898e+01 1.708377553600000454e+01 1.834847176400000279e+01 2.178535828000000052e+01 2.235804084000000458e+01 2.243851951599999950e+01 2.403712170400000048e+01 2.352168833600000042e+01
1.382095287200000300e+01 1.490969791200000216e+01 1.759382332399999882e+01 1.835670741200000222e+01 1.737868608400000170e+01 1.656566367599999978e+01 1.624329143600000336e+01 1.811981814800000379e+01 2.047352631200000062e+01 1.884071377600000119e+01 1.766308283600000095e+01 1.835503931200000238e+01 1.593540783600000310e+01 1.427909892000000269e+01 1.454038057200000011e+01 1.557252459600000094e+01 1.536567066400000314e+01 1.518458172800000128e+01 1.514891298399999897e+01 1.496894882400000171e+01 1.430263342800000359e+01 1.447220770799999912e+01 1.462726475200000209e+01 1.469847832400000343e+01 1.529133059600000166e+01 1.505223944000000458e+01 1.477717451600000231e+01 1.506546985600000355e+01 1.504804536000000326e+01 1.636962856400000277e+01 1.868302590000000407e+01 1.973871396400000222e+01 2.172519229600000301e+01 2.305972948800000211e+01 2.251349822799999956e+01 2.230946576800000258e+01 2.396942544000000552e+01
1.465912069600000223e+01 1.599658421200000191e+01 1.874406882799999963e+01 1.898756376800000112e+01 1.795341802400000120e+01 1.779785578399999935e+01 1.736086124400000230e+01 1.800070627600000250e+01 2.012093763200000396e+01 1.957900530400000250e+01 1.856292270000000144e+01 1.856791746800000098e+01 1.769138334400000190e+01 1.650645089200000371e+01 1.549261784000000119e+01 1.573946804400000232e+01 1.701182800000000128e+01 1.696911510800000400e+01 1.554799876000000225e+01 1.432048686399999937e+01 1.460231950800000078e+01 1.497963419600000279e+01 1.575650172800000348e+01 1.670057007200000143e+01 1.771149586400000331e+01 1.744249329200000176e+01 1.661218936800000279e+01 1.697825629600000141e+01 1.712099799600000338e+01 1.724138715600000182e+01 1.960524690000000447e+01 2.209181208000000041e+01 2.362545368800000034e+01 2.409250262400000153e+01 2.329656156000000067e+01 2.304496442000000300e+01 2.458669869600000268e+01
1.505647164800000226e+01 1.692767950400000387e+01 1.905250528400000221e+01 1.873899780400000381e+01 1.786453212400000368e+01 1.789205100799999926e+01 1.816317921599999963e+01 1.822506096000000042e+01 1.910511239199999878e+01 1.950034724000000352e+01 1.878435106000000232e+01 1.937521114400000144e+01 1.777487413200000077e+01 1.609125603600000076e+01 1.552301538800000458e+01 1.496488819200000009e+01 1.736886812400000224e+01 1.881729365200000359e+01 1.649232446800000318e+01 1.431442451199999866e+01 1.486035074799999833e+01 1.622005242000000180e+01 1.634118507600000214e+01 1.691983466800000357e+01 1.842052415200000226e+01 1.846911828800000421e+01 1.789316625200000388e+01 1.879210057600000283e+01 1.980015723600000044e+01 1.933219322800000128e+01 1.921185172800000274e+01 2.019457233200000346e+01 2.197170888000000488e+01 2.339587546800000339e+01 2.413307081600000359e+01 2.460002443200000144e+01 2.495495798400000353e+01
1.459324504399999967e+01 1.608117118000000190e+01 1.915730962400000337e+01 1.952631240800000256e+01 1.892421409600000004e+01 1.875883389600000228e+01 1.824867172400000115e+01 1.852169680000000085e+01 1.901268058800000205e+01 1.977971109600000332e+01 1.910907770400000416e+01 1.911906723999999969e+01 1.735109094400000274e+01 1.573816216000000168e+01 1.751990266399999996e+01 1.700926389200000344e+01 1.815897560400000188e+01 1.984122109200000494e+01 1.838621848400000403e+01 1.663408437200000023e+01 1.646515826800000326e+01 1.760573832400000427e+01 1.904236323600000347e+01 1.976858725200000322e+01 1.981349250400000273e+01 1.993512082400000196e+01 2.052812560800000341e+01 2.092424693200000263e+01 2.095171815600000187e+01 2.088041879600000073e+01 2.077536662400000367e+01 2.153259823600000189e+01 2.268859153600000411e+01 2.389067205600000321e+01 2.459058775200000468e+01 2.543566627600000274e+01 2.577504360400000394e+01
1.450060353600000340e+01 1.605115491200000122e+01 1.995210684799999967e+01 2.140525071600000118e+01 2.013695139200000384e+01 1.882006746400000097e+01 1.734042463600000161e+01 1.777323462800000087e+01 1.880918192000000033e+01 2.014610211200000123e+01 1.905870108400000262e+01 1.818723798399999936e+01 1.898581941200000145e+01 1.844153268000000168e+01 1.993946741600000294e+01 1.991131942000000166e+01 1.844279090400000243e+01 1.859166168000000141e+01 2.082004310800000368e+01 2.060056880800000201e+01 1.838782939200000399e+01 1.913486176400000005e+01 2.081455267600000170e+01 2.034702714000000157e+01 2.056021985199999946e+01 2.176047022800000263e+01 2.185363599600000128e+01 2.184719236400000142e+01 2.229741732000000098e+01 2.187904830800000155e+01 2.136121287600000329e+01 2.184960396000000316e+01 2.337271270800000167e+01 2.454733153600000151e+01 2.459167440000000227e+01 2.514490214799999990e+01 2.457490761200000051e+01
1.503808442000000056e+01 1.628516551200000251e+01 1.973675990400000302e+01 2.095922937200000291e+01 1.943128790000000095e+01 1.761350690400000474e+01 1.685492174800000242e+01 1.791530908800000077e+01 1.950973626000000394e+01 2.157505376399999975e+01 1.948231269600000104e+01 1.982270994800000352e+01 2.297599086800000379e+01 2.190388869999999955e+01 2.203555421600000130e+01 2.232687120000000291e+01 2.047234434400000325e+01 1.933918971599999992e+01 2.078140038000000089e+01 2.060356185600000245e+01 1.906690813600000212e+01 1.966503160400000283e+01 2.111146494400000151e+01 2.075782774400000008e+01 2.138729242800000208e+01 2.226467490000000282e+01 2.156253824799999919e+01 2.196970716000000223e+01 2.333651017200000055e+01 2.310746574400000242e+01 2.292025726400000352e+01 2.349062354800000207e+01 2.358003370800000198e+01 2.397136996800000119e+01 2.439591571600000108e+01 2.421944980000000314e+01 2.417005497599999941e+01
1.456765162399999980e+01 1.570384695999999991e+01 1.909427450800000159e+01 2.000827892400000252e+01 1.804672677200000308e+01 1.668155373200000113e+01 1.651169349200000269e+01 1.777486460000000079e+01 2.075470124800000349e+01 2.343158234000000206e+01 2.019193196800000223e+01 1.992434013200000109e+01 2.389712521999999950e+01 2.193191278000000111e+01 2.274362930400000238e+01 2.357818450000000254e+01 2.280520602400000030e+01 2.241204915200000158e+01 2.101050200000000245e+01 1.933620620000000301e+01 1.874261996400000285e+01 2.014011601600000034e+01 2.214873718400000158e+01 2.323069544000000164e+01 2.409324612000000343e+01 2.405996990800000290e+01 2.149625272000000109e+01 1.996234421600000175e+01 2.131349568399999939e+01 2.275174103600000208e+01 2.325592664400000231e+01 2.337663036000000361e+01 2.307463753600000445e+01 2.447986404000000249e+01 2.498144741200000141e+01 2.592400970000000271e+01 2.702139073200000396e+01
1.490569447200000042e+01 1.587764391600000025e+01 1.821391805200000391e+01 1.846462871600000000e+01 1.834064599200000245e+01 1.808759998800000091e+01 1.719608156000000321e+01 1.795285563600000245e+01 2.025096364400000226e+01 2.192727069600000078e+01 2.077664391200000082e+01 2.091057804400000109e+01 2.344382142800000324e+01 2.182747065600000269e+01 2.332551024400000017e+01 2.414815044000000555e+01 2.386715661200000227e+01 2.312429925600000402e+01 2.064104168000000072e+01 1.911860017200000073e+01 1.996384074000000197e+01 2.204692589200000441e+01 2.480394250800000222e+01 2.561039736800000099e+01 2.551669780800000353e+01 2.437084655600000360e+01 2.165272050000000448e+01 2.095657947600000170e+01 2.306323726400000140e+01 2.423313775200000464e+01 2.379111031600000103e+01 2.367208423199999956e+01 2.382747489600000179e+01 2.456207754000000421e+01 2.360528397600000261e+01 2.538011378000000207e+01 2.766571580400000130e+01
