SOC_LEM/input/soci_converted.asc
ncols	165
nrows	156
xllcorner	465092.0
yllcorner	4758772.0
cellsize	3.0
NODATA_value	-9999
[rows 68 to 84 of 156, columns 0 to 36 of 165]
9.144830100000000073e+00 9.498000232000002541e+00 9.224927495999999394e+00 1.013727334400000046e+01 1.118823353599999848e+01 1.081851585200000088e+01 1.081559906000000026e+01 1.137208675200000130e+01 1.149626011599999842e+01 1.265349257600000143e+01 1.330971358400000071e+01 1.302582202800000033e+01 1.292911988800000245e+01 1.261384898800000087e+01 1.271168543599999978e+01 1.382886443199999960e+01 1.512644605999999925e+01 1.542541724000000158e+01 1.425171348399999971e+01 1.416644021200000125e+01 1.467334244000000254e+01 1.744893692400000162e+01 1.926613646800000268e+01 1.897898496799999890e+01 1.561501825200000226e+01 1.414537449200000196e+01 1.728968580000000088e+01 1.883349805200000304e+01 1.764680218000000167e+01 1.662993795200000235e+01 1.492834250400000329e+01 1.475038959600000155e+01 1.521291083200000216e+01 1.678338408800000181e+01 1.843723374800000059e+01 1.600048280000000034e+01 1.418462726799999984e+01
8.942742168000002323e+00 9.299105520000001235e+00 9.282443583999999248e+00 9.224946559999999351e+00 1.051654209199999812e+01 9.830304816000001722e+00 1.064809322400000013e+01 1.098976776399999977e+01 1.056438320000000175e+01 1.167225896400000096e+01 1.246069834400000076e+01 1.247434816800000235e+01 1.267338585999999978e+01 1.285496092800000056e+01 1.313487763999999913e+01 1.359853318400000077e+01 1.459789665999999997e+01 1.491038421600000063e+01 1.388629473199999964e+01 1.390632146400000124e+01 1.500370249600000250e+01 1.746913523200000284e+01 1.947582140400000128e+01 1.878842122400000036e+01 1.625106954800000381e+01 1.330165904400000088e+01 1.610621174399999944e+01 1.898071979200000214e+01 1.832439393200000310e+01 1.625366225200000159e+01 1.349085971200000245e+01 1.260801540399999965e+01 1.459041404000000242e+01 1.516573696400000060e+01 1.598476453200000336e+01 1.567079951600000243e+01 1.499008126800000085e+01
9.157745959999999741e+00 9.063198052000000615e+00 1.004793944000000039e+01 9.748768087999998500e+00 1.021566451200000003e+01 9.606626903999998746e+00 9.968299580000000049e+00 1.036121815200000285e+01 1.069604871599999996e+01 1.164423488399999940e+01 1.244334057200000032e+01 1.252210348800000261e+01 1.254455134799999882e+01 1.309295590400000009e+01 1.392825459599999860e+01 1.415182765600000181e+01 1.430055545200000111e+01 1.463546227200000160e+01 1.396062526800000114e+01 1.345669702400000034e+01 1.417871742799999879e+01 1.596332706400000134e+01 1.876226541600000175e+01 1.842542360000000201e+01 1.538755613600000061e+01 1.256824789999999936e+01 1.552667567599999998e+01 1.747624610400000122e+01 1.765012884800000137e+01 1.686493034800000146e+01 1.343030291600000226e+01 1.282839524400000286e+01 1.530677243600000281e+01 1.701079854400000357e+01 1.712279954400000292e+01 1.600201745200000047e+01 1.479522812400000120e+01
9.467107020000000261e+00 9.609619951999999188e+00 9.442657440000001401e+00 9.640541760000001403e+00 9.919657784000001755e+00 9.513079856000000945e+00 1.011989650800000007e+01 1.082610332400000175e+01 1.004205819599999927e+01 1.028369439600000135e+01 1.115062979600000048e+01 1.196640695199999982e+01 1.262534458000000015e+01 1.278068758399999894e+01 1.305649600399999954e+01 1.363632756400000190e+01 1.407830734000000206e+01 1.430340552000000187e+01 1.336794457200000252e+01 1.300337416800000057e+01 1.387630519600000056e+01 1.597340238800000023e+01 1.814137953200000197e+01 1.725479868000000039e+01 1.517060781600000041e+01 1.356082459200000301e+01 1.484197305200000017e+01 1.653872624399999935e+01 1.707846621200000214e+01 1.667977124800000155e+01 1.475587049600000000e+01 1.312577458000000163e+01 1.406024420000000319e+01 1.558748030399999962e+01 1.616284135600000127e+01 1.557078024000000127e+01 1.434674752400000131e+01
8.946011644000002150e+00 9.719209356000000355e+00 8.960014151999999399e+00 9.265247856000002002e+00 1.008444700000000083e+01 9.621525420000001105e+00 9.936720064000002850e+00 1.036047465600000095e+01 1.016805217199999944e+01 1.112374002399999995e+01 1.153523646400000047e+01 1.144227086800000137e+01 1.200081747200000137e+01 1.251574564399999900e+01 1.295613357600000271e+01 1.319633997600000086e+01 1.325849814800000104e+01 1.359721776800000015e+01 1.263382806000000258e+01 1.303609752400000232e+01 1.499498071600000415e+01 1.604280488000000204e+01 1.773665081200000060e+01 1.672607770400000149e+01 1.497349558800000224e+01 1.384920572000000050e+01 1.448915560400000402e+01 1.733552518800000186e+01 1.689850205200000133e+01 1.615187955600000436e+01 1.410001170400000348e+01 1.234074765600000134e+01 1.308956251200000054e+01 1.485963584799999992e+01 1.646342344400000357e+01 1.534834148800000264e+01 1.349362399200000340e+01
9.391032127999999091e+00 9.614900680000001643e+00 9.037375864000001258e+00 9.195206720000001610e+00 1.040374993600000053e+01 1.027470572000000004e+01 1.026577423600000216e+01 1.091184366400000272e+01 1.048568700800000286e+01 1.101146259600000121e+01 1.181076845600000169e+01 1.165855194799999950e+01 1.115750236799999939e+01 1.166762641200000061e+01 1.288997196400000078e+01 1.318591196800000276e+01 1.328822845599999880e+01 1.314112109999999944e+01 1.217133542000000190e+01 1.291706190800000087e+01 1.456505892000000202e+01 1.542445450800000373e+01 1.766354990400000347e+01 1.732573582399999879e+01 1.541052825600000276e+01 1.424336345200000054e+01 1.501721887200000083e+01 1.801881707600000482e+01 1.640023581600000213e+01 1.570689720000000023e+01 1.333334341200000139e+01 1.115028664400000125e+01 1.213609561600000220e+01 1.442113525199999913e+01 1.648471793200000235e+01 1.511208133600000281e+01 1.276145200799999913e+01
1.022511072400000032e+01 9.875429304000000741e+00 9.499573012000002592e+00 9.966717268000000018e+00 1.085560486400000002e+01 9.788526059999998807e+00 1.015148555600000080e+01 1.064176397600000001e+01 1.041492144000000053e+01 1.099083534800000095e+01 1.163391172800000106e+01 1.175812322000000165e+01 1.197265041200000013e+01 1.223542858800000133e+01 1.284662996000000135e+01 1.325897474799999998e+01 1.287350066800000192e+01 1.268514834800000202e+01 1.201522985600000126e+01 1.236167039600000095e+01 1.345719268799999924e+01 1.459587587600000091e+01 1.675405412400000316e+01 1.758614053200000171e+01 1.627804510800000060e+01 1.439191967200000377e+01 1.437714507200000114e+01 1.655531192400000151e+01 1.483553895200000028e+01 1.468898445200000324e+01 1.333830958400000100e+01 1.068318051600000018e+01 1.148879656000000082e+01 1.397005241600000147e+01 1.536800600400000150e+01 1.397064340000000016e+01 1.209156211199999831e+01
9.850102780000000280e+00 9.413632499999998515e+00 9.365333855999999457e+00 1.028175940000000210e+01 1.002132609599999924e+01 9.940027668000002592e+00 9.557870724000000706e+00 1.001418662800000092e+01 1.027221786800000203e+01 1.156558635200000040e+01 1.181736460000000122e+01 1.116329782400000070e+01 1.124839951999999954e+01 1.163172889999999882e+01 1.234389321600000144e+01 1.299642534000000182e+01 1.290021886400000284e+01 1.289597712400000162e+01 1.243214047200000039e+01 1.269402264000000002e+01 1.343809056000000268e+01 1.360471945200000121e+01 1.586703479999999900e+01 1.664122384000000210e+01 1.563974426000000051e+01 1.349132678000000141e+01 1.250264867599999974e+01 1.499886024000000262e+01 1.413145777200000097e+01 1.297688474000000269e+01 1.200649854399999938e+01 1.007310392000000121e+01 1.086170534400000065e+01 1.331040941999999916e+01 1.535038133600000165e+01 1.422433758000000026e+01 1.249096244400000089e+01
1.019335009999999997e+01 9.438377572000000271e+00 9.659424652000001998e+00 1.040598995600000265e+01 1.026005503600000068e+01 1.004165785200000016e+01 9.436394916000001132e+00 1.002545345200000071e+01 1.019837346399999944e+01 1.062199460800000139e+01 1.111048101200000104e+01 1.103534978800000133e+01 1.122300627199999923e+01 1.166875118800000166e+01 1.187900804399999899e+01 1.229003741600000055e+01 1.242524883600000152e+01 1.239541367600000044e+01 1.307592221999999893e+01 1.312086560000000190e+01 1.383353511200000341e+01 1.417349389200000331e+01 1.660005513200000138e+01 1.699359328399999924e+01 1.533572112000000232e+01 1.321862579200000098e+01 1.218447051600000108e+01 1.478014850000000280e+01 1.457637340400000170e+01 1.268947587599999949e+01 1.106987469199999907e+01 9.394282540000002513e+00 1.057622194400000026e+01 1.250563219200000020e+01 1.466565964800000188e+01 1.372297344400000085e+01 1.181749804800000092e+01
1.122185290000000180e+01 1.012565383600000146e+01 9.510277448000000078e+00 1.064549098800000237e+01 1.028872729200000080e+01 1.002039196000000132e+01 9.119760940000002591e+00 9.481681447999999790e+00 1.005795757199999940e+01 1.078258021200000272e+01 1.122083297600000051e+01 1.112801036000000110e+01 1.097328693600000094e+01 1.133128979199999975e+01 1.215915352400000060e+01 1.205929629199999908e+01 1.164937263200000217e+01 1.252956704400000021e+01 1.273473381200000176e+01 1.239130538399999892e+01 1.283069245600000130e+01 1.446693651200000019e+01 1.594626478400000025e+01 1.638527057600000347e+01 1.553149886799999990e+01 1.318332879600000140e+01 1.190157028799999850e+01 1.443541418800000287e+01 1.464569964000000368e+01 1.281380175199999982e+01 1.100830750400000113e+01 9.460987475999999674e+00 1.039292158399999977e+01 1.183545633600000002e+01 1.386152106399999795e+01 1.305083399600000149e+01 1.102090880800000150e+01
1.148958771599999906e+01 9.880986459999999028e+00 9.313956376000000148e+00 1.021277631599999935e+01 1.028066322000000099e+01 9.892548776000001709e+00 9.263532095999998717e+00 9.468489160000000737e+00 9.738006460000001141e+00 1.021779967999999883e+01 1.076470771199999987e+01 1.017556338800000049e+01 9.868585328000001766e+00 1.109107386000000162e+01 1.244123400000000146e+01 1.225752376400000188e+01 1.178224871200000123e+01 1.224581846799999951e+01 1.290059061200000201e+01 1.264264516000000071e+01 1.251390596799999955e+01 1.377898347600000051e+01 1.588291511200000272e+01 1.685183338000000219e+01 1.571627668800000066e+01 1.264099612400000083e+01 1.184946837600000080e+01 1.448280729200000394e+01 1.352362119600000057e+01 1.189911103200000042e+01 1.042431046000000094e+01 9.071252592000000448e+00 9.764905764000001653e+00 1.120167365600000053e+01 1.289707330399999918e+01 1.203112923200000139e+01 1.012080204800000161e+01
1.079751685600000144e+01 9.416463503999999318e+00 8.709341615999999675e+00 9.601555879999999377e+00 9.851694624000000289e+00 9.723336712000001825e+00 9.050301256000000905e+00 9.527863988000000006e+00 9.821859463999999207e+00 1.001914326800000055e+01 1.070811622800000151e+01 1.031927735200000029e+01 9.735995208000002066e+00 1.048437159199999869e+01 1.155154571599999969e+01 1.169877698799999877e+01 1.202584850399999894e+01 1.281224803599999973e+01 1.273563935199999975e+01 1.218178249199999996e+01 1.308241351199999869e+01 1.556392673200000232e+01 1.618164799200000203e+01 1.660260970800000280e+01 1.505774893599999942e+01 1.174081310800000111e+01 1.158703335200000240e+01 1.444819660000000283e+01 1.408020420800000139e+01 1.181063500799999844e+01 1.001945782399999985e+01 8.776208596000000028e+00 9.263503500000002333e+00 1.063844684000000029e+01 1.206558741200000284e+01 1.104794156000000172e+01 9.222001172000002356e+00
1.070752524400000283e+01 9.146174112000000633e+00 8.340729643999999610e+00 9.817827428000001078e+00 9.580804715999999388e+00 9.721582823999998624e+00 9.039796991999999420e+00 9.297446952000001374e+00 9.941018996000000385e+00 1.015526975999999948e+01 1.034476592000000039e+01 1.005886311200000094e+01 9.939522472000000164e+00 1.076383076799999827e+01 1.131542854399999953e+01 1.148951145999999923e+01 1.218451817600000098e+01 1.263746928400000158e+01 1.297001216800000023e+01 1.275190094399999907e+01 1.342327783200000013e+01 1.532431131600000285e+01 1.537696608400000287e+01 1.524937073199999915e+01 1.411942838800000288e+01 1.105020064400000024e+01 1.093702720799999994e+01 1.310355548800000136e+01 1.406268439200000131e+01 1.194964016400000162e+01 9.817655852000001460e+00 9.030465163999998879e+00 9.308647052000001310e+00 1.065730113600000095e+01 1.196250836400000139e+01 1.110432334000000054e+01 9.327997012000000865e+00
1.103785670399999930e+01 9.785466288000002066e+00 8.904490252000002215e+00 1.010713316000000006e+01 9.816616864000000220e+00 9.976106288000000433e+00 9.109447316000000683e+00 9.540856103999999505e+00 1.008391320800000202e+01 1.064673014799999962e+01 1.038223621200000224e+01 9.734994348000000741e+00 9.598286403999999550e+00 1.003367956800000016e+01 1.071774354800000140e+01 1.178963601200000255e+01 1.239690066800000068e+01 1.187872208399999963e+01 1.223318856799999921e+01 1.241095083600000137e+01 1.329061145600000060e+01 1.382623360000000190e+01 1.447717388000000227e+01 1.443284054800000149e+01 1.421535843600000248e+01 1.136977047599999935e+01 1.112241507599999935e+01 1.285975552400000055e+01 1.279386080800000158e+01 1.094094485999999833e+01 1.004240134799999851e+01 8.685368635999999753e+00 8.546458799999999911e+00 9.842829863999998707e+00 1.080630535999999964e+01 1.033906578399999887e+01 9.052817703999998855e+00
1.102251971600000147e+01 9.098027980000001236e+00 9.030951296000001349e+00 1.001541625600000174e+01 9.673980016000001569e+00 9.710973708000000926e+00 9.454696355999999469e+00 9.736519468000000899e+00 9.981777828000002017e+00 1.016604092000000037e+01 9.980919948000000375e+00 9.567736344000000059e+00 9.494073048000000625e+00 9.769871936000001256e+00 1.047169403200000204e+01 1.164753295600000271e+01 1.221710808399999948e+01 1.189233378000000130e+01 1.222056820000000243e+01 1.289137316800000121e+01 1.353203795199999959e+01 1.440951574400000368e+01 1.417251209600000195e+01 1.338991583199999980e+01 1.209343038400000125e+01 1.046921571200000045e+01 1.062765661599999945e+01 1.130447627599999905e+01 1.225196660800000004e+01 1.079376124800000269e+01 9.032962548000000425e+00 8.710037452000001679e+00 8.638309152000001490e+00 9.540655931999999950e+00 9.960111592000000513e+00 9.019103019999999304e+00 8.405785544000000442e+00
1.083455820800000069e+01 8.980345908000000321e+00 9.017473047999999380e+00 1.020851551199999818e+01 9.854325456000001537e+00 1.015755744000000149e+01 9.953248552000001581e+00 1.027065462000000196e+01 1.008850763199999889e+01 9.885933567999998672e+00 9.702128011999999302e+00 9.358651924000000122e+00 9.518055560000000526e+00 1.001570221600000110e+01 1.041922990400000160e+01 1.134126026400000242e+01 1.226247087200000152e+01 1.208026669200000214e+01 1.189647066799999919e+01 1.208538537600000140e+01 1.327921118400000111e+01 1.467185544800000230e+01 1.496950168000000403e+01 1.424167628800000074e+01 1.167220177200000109e+01 9.650045164000001563e+00 1.017779387600000263e+01 1.116537579999999963e+01 1.184866768800000258e+01 1.042167009599999972e+01 8.844943847999999775e+00 8.505804820000001598e+00 8.990859704000001784e+00 9.493968196000000859e+00 9.836195591999999266e+00 9.185341100000002257e+00 8.593975820000000709e+00
1.092292938000000291e+01 9.307627128000000027e+00 8.806844443999999328e+00 1.044124882399999876e+01 9.977850644000000102e+00 1.057920546000000073e+01 1.015139023600000101e+01 1.010346334000000112e+01 1.034803539600000022e+01 1.057705122799999842e+01 1.039709660000000113e+01 9.968118472000000452e+00 9.949435751999999411e+00 1.049338886399999993e+01 1.090971802800000034e+01 1.176971413200000072e+01 1.300121040400000183e+01 1.263945194000000072e+01 1.209422153999999949e+01 1.236154648000000122e+01 1.333984423599999758e+01 1.444001814399999972e+01 1.403380243200000166e+01 1.399563630400000136e+01 1.320701581600000196e+01 1.072717069600000173e+01 1.050316869599999947e+01 1.137035192800000161e+01 1.274291226800000132e+01 1.074504319600000102e+01 8.687799296000001448e+00 7.584184336000000748e+00 8.162557499999998356e+00 9.234592943999999193e+00 9.529722727999999421e+00 8.791221495999998581e+00 8.143827120000000974e+00
