SOC_LEM/input/stinson_SOCI.txt
ncols         356
nrows         258
xllcorner     391312.9646857
yllcorner     4765958.4027697
cellsize      3
NODATA_value  -9999
[rows 34 to 50 of 258, columns 148 to 184 of 356]
8.127047584148360926e+00 8.241656084574703556e+00 8.406883971462264071e+00 8.632979969189722880e+00 8.759519242632116232e+00 8.607987474563820740e+00 8.325676789898633245e+00 8.140196318172236545e+00 7.921987222785479510e+00 7.413377946929204931e+00 7.051587199617142865e+00 7.054635972511669628e+00 7.027310310817184380e+00 7.000877312237466121e+00 7.056525766538698896e+00 7.079271396030976327e+00 7.017120220588004109e+00 7.030217056403112785e+00 7.144667275846754428e+00 7.342191254133283884e+00 7.579052761487225176e+00 7.684566127548294823e+00 7.617656319410172294e+00 7.535390183628369876e+00 7.436164796475824623e+00 7.348512727380314580e+00 7.333384182726244482e+00 7.316310685546693726e+00 7.157940474113641649e+00 6.942450003570463046e+00 6.799236044422490188e+00 6.585811493003416395e+00 6.372530586192978852e+00 6.345432592979505237e+00 6.493882668216877541e+00 6.559638898535628648e+00 6.607364062242660374e+00
7.948331850601705106e+00 8.048437842655665975e+00 8.177065083675334023e+00 8.417236275858400063e+00 8.697540522839037891e+00 8.702732503561190214e+00 8.406244669872467767e+00 8.149074833179280830e+00 7.996972951145900232e+00 7.661161413670268594e+00 7.374867164145656240e+00 7.245735604919825157e+00 7.120671217598649072e+00 7.061226012830318588e+00 7.169638670881830045e+00 7.232001846666739731e+00 7.051487121906741429e+00 7.000211783516337327e+00 7.122456992388175756e+00 7.258880250170331117e+00 7.402471736155681548e+00 7.481188339682607769e+00 7.443830677986144728e+00 7.356374508231479759e+00 7.288222928858330896e+00 7.284325461456803374e+00 7.298295689340274173e+00 7.223420641991155300e+00 7.034610448320628429e+00 6.908852095550346739e+00 6.878604466263394279e+00 6.691981875143615532e+00 6.414736240789141952e+00 6.303487070323263275e+00 6.407882640838688637e+00 6.486307202574372432e+00 6.633975202015670369e+00
7.797557014553405885e+00 7.893382236223330572e+00 8.103249047805043404e+00 8.329355067554722325e+00 8.516012982227540107e+00 8.517194647616399550e+00 8.328507810802545208e+00 8.129933338199940351e+00 7.974418163747517774e+00 7.760883176289465446e+00 7.551201163190286003e+00 7.366183131719334476e+00 7.211420867855493633e+00 7.123724820251445600e+00 7.142335429911427447e+00 7.091566398679399974e+00 6.928635528070988592e+00 6.919850948442271665e+00 7.003266992533366597e+00 7.087013066981662668e+00 7.153378878669580665e+00 7.175236358069047249e+00 7.126765848227987199e+00 7.047803475736478696e+00 7.035641095263591716e+00 7.145936721114250822e+00 7.256446745700523060e+00 7.181314224430589199e+00 6.991850339725357522e+00 6.904010171433649923e+00 6.884244517533603336e+00 6.706031779626857592e+00 6.459376152111571123e+00 6.307442929465605808e+00 6.285088303721987124e+00 6.286930421412713521e+00 6.422172852289743439e+00
7.745016947978258237e+00 7.927294397775226820e+00 8.251896001236488587e+00 8.337498527974592122e+00 8.335568671017988152e+00 8.318562722367772722e+00 8.322096020780548997e+00 8.347465368333374158e+00 8.227209792944190525e+00 7.971682308556798269e+00 7.734469508097425283e+00 7.478619248913147111e+00 7.275419833724531493e+00 7.172670490477739413e+00 7.110547823247059362e+00 6.986616752070591296e+00 6.853400228373263126e+00 6.788845184949628297e+00 6.686418706608908913e+00 6.687732758934493482e+00 6.790566175270025262e+00 6.795006706030707555e+00 6.757515279942833963e+00 6.770440617526280569e+00 6.909193242106952404e+00 7.122629801813229911e+00 7.221559113798387664e+00 7.146014679677057835e+00 7.058417909149498293e+00 7.046974635980817858e+00 6.980058985160959573e+00 6.743371679944227814e+00 6.503143735863537778e+00 6.312338218931002665e+00 6.189759721643210533e+00 6.153580791914625259e+00 6.259618572162211514e+00
7.802789178076126042e+00 7.968320916908408158e+00 8.210337808658429992e+00 8.297697969390053885e+00 8.290523126614026239e+00 8.282330005948203677e+00 8.309353776532255154e+00 8.378661231325654768e+00 8.362605253506941949e+00 8.180281776089568524e+00 7.924215502342291551e+00 7.660182846790411837e+00 7.453123500465605566e+00 7.296935448647981381e+00 7.087804190507456248e+00 6.873033905940842736e+00 6.783855547625869953e+00 6.710262107489229244e+00 6.521374683023540619e+00 6.477403732018072624e+00 6.512487288956610776e+00 6.461361033493651540e+00 6.439684518894771337e+00 6.490172055589558120e+00 6.681316599284460089e+00 6.951756494995176006e+00 7.076235655892230803e+00 7.065743494530420499e+00 7.064233336052804013e+00 7.043658934734437160e+00 6.943061014292438493e+00 6.731892312242590215e+00 6.481820128854393737e+00 6.217295884328060573e+00 5.984268311332017198e+00 5.911002267014425549e+00 6.026588502461547314e+00
7.863131280099552534e+00 7.958546128886127669e+00 8.138475012806662079e+00 8.323362003042237944e+00 8.350124460737053056e+00 8.309022164721422854e+00 8.299822367057789307e+00 8.362173770532141504e+00 8.392206216763039350e+00 8.224127134980463438e+00 7.995478509483313623e+00 7.815529144198944955e+00 7.555956631133288859e+00 7.330780566587908886e+00 7.036561470207787217e+00 6.659855556919139552e+00 6.495576978616141695e+00 6.445616376099031264e+00 6.329351651166230219e+00 6.303040998697627906e+00 6.285863970314630400e+00 6.214913382967819366e+00 6.208623552240099208e+00 6.286546929888172208e+00 6.462332038778874299e+00 6.707238622402496908e+00 6.892390396045178669e+00 6.958082138910008929e+00 6.989819052049145220e+00 6.991489803641523615e+00 6.888767984461297011e+00 6.681746277432835335e+00 6.408085215926610623e+00 6.126398710435705830e+00 5.850256029908249111e+00 5.692882476658422952e+00 5.748160342472600881e+00
7.862921878557926014e+00 7.958377478303101604e+00 8.162815330510589718e+00 8.330588344147653146e+00 8.301946031534757964e+00 8.268258396155403034e+00 8.307736728030199913e+00 8.337345793754707302e+00 8.256014513967926405e+00 8.114791247974743271e+00 7.985105705133764609e+00 7.841463418071252356e+00 7.565191574287376319e+00 7.387052371293264308e+00 7.247389655812662035e+00 6.857868697198138186e+00 6.410995149470518406e+00 6.183209405684427118e+00 6.092808127583487554e+00 6.035735468060676290e+00 6.000682956336066631e+00 6.010625383272210520e+00 6.100420809645419773e+00 6.223948186404380856e+00 6.354906761054594178e+00 6.515915552214509354e+00 6.692884183632362927e+00 6.801929669297304137e+00 6.898101492686989467e+00 6.960473107957583672e+00 6.854346881679266978e+00 6.637775743624282576e+00 6.378564468273601129e+00 6.109882898756212377e+00 5.823826685218896237e+00 5.569447045887321757e+00 5.538862607827224060e+00
7.767883139356617228e+00 7.952034864982628015e+00 8.131717670032976741e+00 8.246962487240001138e+00 8.222386350545892952e+00 8.199701083070554120e+00 8.270307426329143397e+00 8.276282425955976407e+00 8.154562317570732688e+00 8.043949479547183756e+00 7.901120437118314577e+00 7.804066073469114961e+00 7.714643291978050321e+00 7.571459355482397235e+00 7.429780609324876828e+00 7.047528038146682938e+00 6.461970896231298944e+00 6.108457138644523887e+00 5.944514341332229002e+00 5.857751315262510694e+00 5.900529536269716324e+00 6.000746275966711174e+00 6.122637503196599162e+00 6.235096279655803819e+00 6.326764893633243680e+00 6.405634524878291991e+00 6.525643828474524177e+00 6.672707178228425740e+00 6.815616281850870983e+00 6.882893900235063533e+00 6.800608593804114754e+00 6.609194455226941933e+00 6.379277270442405445e+00 6.139462014805839196e+00 5.891493989104602313e+00 5.672204440434829742e+00 5.551279924117555886e+00
7.662557329545168550e+00 7.887624240398806386e+00 7.994616665516015352e+00 8.142989379809630890e+00 8.176643348793056987e+00 8.093716905669815276e+00 8.056932243692212836e+00 8.064533731557169460e+00 8.072848572128066280e+00 8.001361702099508477e+00 7.814850798390341247e+00 7.774647153780711584e+00 7.802382534710914364e+00 7.618894728398465155e+00 7.356548933760522324e+00 7.069468906449929868e+00 6.732188835087026924e+00 6.415519182058395664e+00 6.154486883410121401e+00 6.025323821906673594e+00 6.068868925522882485e+00 6.133754623699387842e+00 6.162799402946816052e+00 6.196805733494520574e+00 6.288199456801073062e+00 6.374772447171353384e+00 6.459319070414509589e+00 6.615968357303978031e+00 6.782926198932091033e+00 6.833884296357461530e+00 6.763046885044528445e+00 6.619880338125320840e+00 6.410958420551405190e+00 6.190441097803996762e+00 5.986515079488813562e+00 5.820797628553582292e+00 5.658057541973138704e+00
7.559875072925129835e+00 7.724396148834256515e+00 7.873465776176279185e+00 8.100481258316285960e+00 8.195129198135070681e+00 8.070521268614136545e+00 7.898346765962558358e+00 7.858209418876426433e+00 7.957278231765225307e+00 7.974002787661752301e+00 7.792890802513338322e+00 7.662060404021873161e+00 7.651170958506317454e+00 7.493162877317709025e+00 7.167471565284738055e+00 7.031680487079593256e+00 6.985649769772497741e+00 6.773634147087331137e+00 6.513863324116452524e+00 6.379868639851518530e+00 6.338251876257795736e+00 6.269474489627326896e+00 6.213939773146081258e+00 6.224724189965374244e+00 6.339812741256824147e+00 6.474255150604935061e+00 6.473298850311313579e+00 6.509658444052241144e+00 6.681751566433502099e+00 6.731883868370350577e+00 6.735892216220789486e+00 6.675925129907711586e+00 6.468678486258228055e+00 6.255350050962642960e+00 6.094771314662186690e+00 5.977627225573667324e+00 5.886551537115670918e+00
7.478764539735267114e+00 7.648796451952798670e+00 7.908255801653047534e+00 8.151289024050996090e+00 8.240442461580990141e+00 8.120872933791641657e+00 7.855896096525554206e+00 7.684636425545060767e+00 7.760482111505353053e+00 7.885558603914209819e+00 7.772617779561540097e+00 7.545600142054621706e+00 7.486171033782444972e+00 7.487118163295970241e+00 7.350995407417094007e+00 7.247190452172783459e+00 7.198393669508109660e+00 7.024538333974830628e+00 6.770053256475523362e+00 6.623072160866663616e+00 6.501312320248922028e+00 6.380604186573052949e+00 6.367355384575962951e+00 6.393014659701152347e+00 6.466722644058889635e+00 6.546286065997210635e+00 6.530038205317416633e+00 6.546908305183609222e+00 6.629125058947095361e+00 6.631551249112974666e+00 6.698442246311082648e+00 6.714614815953603433e+00 6.559522085899934574e+00 6.402545912747769741e+00 6.268682690930769574e+00 6.133414920373170709e+00 6.017497647543074812e+00
7.524130199542953257e+00 7.676756711723693449e+00 7.912381531104881738e+00 8.151200462529164525e+00 8.263634396691550421e+00 8.181230027438207486e+00 7.957885574596892830e+00 7.782697609859833499e+00 7.806973496843206739e+00 7.860735872145405700e+00 7.757369866563704086e+00 7.589386503906834669e+00 7.557723481152476275e+00 7.612337395682836849e+00 7.584398963774837021e+00 7.441927870282255775e+00 7.324142582688030423e+00 7.199816340215572374e+00 7.073255453427187867e+00 6.966435289046901680e+00 6.764254498693550666e+00 6.618376905506640817e+00 6.642848287025931775e+00 6.594273197328434755e+00 6.503844288081237046e+00 6.527407525516353282e+00 6.640268799401352062e+00 6.706638458399887703e+00 6.716403998684802978e+00 6.728125059839253019e+00 6.826879800440143420e+00 6.844905977720283197e+00 6.744887961033634305e+00 6.659587078457335885e+00 6.531391958998862712e+00 6.335078324071745648e+00 6.179742152568281632e+00
7.560569049978950851e+00 7.693705908536261795e+00 7.854229652253637006e+00 8.069804582486202804e+00 8.205720547828661893e+00 8.127571821444782074e+00 7.985085139580655245e+00 7.892808936466884084e+00 7.870326497202127847e+00 7.796984990311343289e+00 7.602493824238208298e+00 7.487456525055871559e+00 7.599087066562375092e+00 7.727277427287320144e+00 7.715961388202594584e+00 7.556646503785446889e+00 7.402062675690467053e+00 7.327891317758717271e+00 7.295101324461321646e+00 7.227691536482734769e+00 7.086500785010263037e+00 6.949562187416799652e+00 6.885076855490976477e+00 6.743633676622246220e+00 6.541490901080574183e+00 6.541196282983304577e+00 6.730029128207896782e+00 6.779778205097191979e+00 6.772939432723389608e+00 6.820910177156233267e+00 6.922447496445824022e+00 6.982837019052852590e+00 6.964497082254067273e+00 6.888408481795228688e+00 6.720581805748056858e+00 6.502659688951818673e+00 6.342483736689588092e+00
7.601572109007940448e+00 7.706865842998017690e+00 7.776877213024046220e+00 7.899878670683532000e+00 8.015958768912589960e+00 8.007389464210820762e+00 7.929662161121105335e+00 7.854805738680632921e+00 7.804083699118751660e+00 7.754186992558943281e+00 7.629502817029311323e+00 7.567775462454005897e+00 7.684168941140101516e+00 7.800619654545697834e+00 7.775129619736566688e+00 7.681746849042053960e+00 7.609102418693150405e+00 7.496575265389140874e+00 7.357553811939500754e+00 7.260144465971101191e+00 7.218190912780802826e+00 7.068927933885921000e+00 6.981988737944532453e+00 6.924952683737610748e+00 6.729342676685750924e+00 6.661726841515837272e+00 6.764057994713335908e+00 6.814322070045899515e+00 6.815673705140441463e+00 6.804223632188191040e+00 6.863463768678909283e+00 6.992992297321353412e+00 7.036913327331629553e+00 6.959262423271757037e+00 6.798823289971758221e+00 6.589592565520676182e+00 6.392884644542534467e+00
7.611771759600077125e+00 7.698224528151251356e+00 7.731898365512585691e+00 7.829545531350160736e+00 7.911084759807887501e+00 7.907429647874278267e+00 7.821579472981972536e+00 7.726843154548640236e+00 7.701365825506118590e+00 7.699486998398309190e+00 7.651849399053197054e+00 7.672365456756943480e+00 7.752235333321102040e+00 7.789032934665661934e+00 7.731230755046760272e+00 7.748745762662383463e+00 7.749816429023915099e+00 7.567122847880841441e+00 7.399250130195031083e+00 7.294493468809222669e+00 7.223908134886554144e+00 7.101513487182006479e+00 7.102094987941042881e+00 7.191244706266705755e+00 7.071533592744928320e+00 6.876172051856156209e+00 6.790571055018037150e+00 6.808565510638261209e+00 6.807719404007223751e+00 6.744108624143803077e+00 6.772917576166388010e+00 6.926069380535536446e+00 7.009625192175303887e+00 6.974203740057455470e+00 6.845771601203657575e+00 6.628163529203905391e+00 6.370162853148650051e+00
7.481177695031395736e+00 7.535203134641744960e+00 7.625861191650966653e+00 7.784813899399924075e+00 7.886568675569244569e+00 7.847285566983791760e+00 7.763373293487489057e+00 7.733752330590282220e+00 7.751312500663252614e+00 7.687536325056984587e+00 7.599967555292248100e+00 7.729553681214237137e+00 7.880569588038416562e+00 7.845960737249227712e+00 7.726672983166111841e+00 7.718905535521371597e+00 7.636316921091100163e+00 7.470233977384522994e+00 7.441469745528277890e+00 7.315330514452869970e+00 7.219163266770727283e+00 7.235995423060528786e+00 7.208917940586579753e+00 7.212414757761345108e+00 7.136104844099906863e+00 6.942950703523540490e+00 6.773501536848487881e+00 6.759409363869498755e+00 6.798512494261111705e+00 6.746452601859059151e+00 6.732413075231467481e+00 6.856001252870247420e+00 6.999932794951656767e+00 7.012381657266362645e+00 6.883530006673555413e+00 6.644344686139565859e+00 6.364475402311206231e+00
7.208707978533024807e+00 7.311460338600359599e+00 7.485757387899206527e+00 7.715163056423485877e+00 7.911822665929109100e+00 7.861220768692366967e+00 7.702592069569205613e+00 7.702830624380056612e+00 7.802925917504061282e+00 7.804358396041240375e+00 7.826251662839109891e+00 7.980775561342510649e+00 7.985876404012166141e+00 7.874023098976690171e+00 7.771503406315601659e+00 7.696002718813010013e+00 7.588344543837670209e+00 7.519091050453789116e+00 7.521249401317279926e+00 7.361181264759310672e+00 7.353063504835618325e+00 7.406332217758422765e+00 7.173649454761776845e+00 7.057869881562141678e+00 7.020720146783539839e+00 6.910714764086555384e+00 6.760934433475470406e+00 6.675838898579590897e+00 6.636224866361943420e+00 6.602306969061831232e+00 6.665409050384115908e+00 6.840045447992362249e+00 7.037561924725539875e+00 7.076734512748378059e+00 6.901058740488012155e+00 6.656878749466568657e+00 6.425649047522177248e+00
