SOC_LEM/input/stinson_NDVI.txt
ncols         356
nrows         258
xllcorner     391312.9646857
yllcorner     4765958.4027697
cellsize      3
NODATA_value  -9999
[rows 224 to 239 of 258, columns 111 to 147 of 356]
-8.031328819859287482e-02 -8.232154769846564135e-02 -7.806889213991223542e-02 -7.448075142214581612e-02 -7.363672548759456205e-02 -7.364185110663981626e-02 -7.501349163518616914e-02 -7.611477839148589331e-02 -7.216771939255475776e-02 -6.706087891412444713e-02 -6.268576060524184979e-02 -6.351791530944626840e-02 -6.838534599728629537e-02 -7.060263909672152838e-02 -7.740443477077953160e-02 -8.586202204381550296e-02 -8.444322394617603811e-02 -8.073849545329295219e-02 -7.928736570107441928e-02 -7.716913234706120062e-02 -7.563025210084030336e-02 -7.762319594331032468e-02 -7.973077918716019175e-02 -7.749838813668596949e-02 -7.350121436788953355e-02 -6.695355018352101839e-02 -6.288439814233719172e-02 -6.151537884471124096e-02 -5.658487731597394016e-02 -5.721455457967375424e-02 -6.811028578622690954e-02 -7.389037263131117972e-02 -7.013977128335444067e-02 -6.239081607187427908e-02 -5.532333415293830964e-02 -5.919533244195941679e-02 -7.325831936796750599e-02
-8.748999733262201317e-02 -9.008286554397217094e-02 -8.561552778516351436e-02 -7.759649820931159570e-02 -7.404936624416275093e-02 -7.864260705628868531e-02 -8.629304523970290908e-02 -9.039548022598874188e-02 -8.693319023343169805e-02 -7.996768982229397749e-02 -6.913950634119732375e-02 -6.593406593406589411e-02 -7.044180002735603296e-02 -6.961506961506960800e-02 -7.229407760381210968e-02 -7.845545094828766663e-02 -8.238871993364668689e-02 -8.671484157865481934e-02 -8.482938193778266633e-02 -7.793075792006418090e-02 -7.411300919842310486e-02 -7.724371499283570752e-02 -7.854356306892062989e-02 -7.466562784054016355e-02 -7.479153303399611874e-02 -6.828025477707000412e-02 -6.091822459621006047e-02 -6.351812097487051501e-02 -6.011619095731241674e-02 -5.857052498418719583e-02 -6.435706157542035732e-02 -6.661591168633416993e-02 -6.443853652361053452e-02 -6.069327993993248876e-02 -5.985654217165472385e-02 -6.779039941370464117e-02 -8.188048575207410029e-02
-9.413186518060967511e-02 -9.406540169559954312e-02 -8.742803588164411999e-02 -7.990898139472628336e-02 -7.898979043524982646e-02 -8.405405405405406982e-02 -8.419618528610356423e-02 -7.919978076185259230e-02 -7.742818057455544412e-02 -7.826799617538592047e-02 -7.227586206896551013e-02 -6.999306999306999233e-02 -7.335164835164841024e-02 -7.208922742110988879e-02 -7.022776572668112949e-02 -6.905021834061135511e-02 -7.255954839597962558e-02 -8.286381750721454054e-02 -8.446866485013625192e-02 -7.896500871430482682e-02 -7.625329815303433234e-02 -7.603565810173043560e-02 -7.874837027379395782e-02 -7.881773399014774251e-02 -7.495806992646107669e-02 -6.735350933676755025e-02 -6.403182343128449583e-02 -6.705687746532631999e-02 -6.446280991735532651e-02 -6.447920640976721740e-02 -6.941981251583474732e-02 -6.927939317319851964e-02 -6.349607892739686510e-02 -5.914995585824186358e-02 -6.203101550775393797e-02 -7.149030744536365167e-02 -8.314059646987216612e-02
-9.183948289792624731e-02 -9.130199891950301072e-02 -8.629989212513484997e-02 -8.232118758434543715e-02 -8.300609343263373741e-02 -8.511507558218713021e-02 -8.051662544655127651e-02 -7.181403071814031203e-02 -6.998616874135546451e-02 -7.269209508015478383e-02 -7.337409672040021147e-02 -7.828737702646526575e-02 -8.339020062781495046e-02 -7.986531986531981986e-02 -6.959213891506259297e-02 -6.336311941510969215e-02 -6.509036553879604670e-02 -7.397334783791131851e-02 -8.209666439754938205e-02 -8.662696264212237096e-02 -8.756872737025611642e-02 -8.282126636387923679e-02 -8.072225172596921017e-02 -7.633386159535131277e-02 -7.130663164806301524e-02 -7.194805194805192761e-02 -6.895661157024791932e-02 -6.369262506446622674e-02 -6.176660219213412489e-02 -6.833097413460301195e-02 -7.767114523352523781e-02 -7.776644569097405923e-02 -6.878980891719738144e-02 -6.631232599341932432e-02 -7.085628442663999271e-02 -7.374704638726528594e-02 -7.793334159335893463e-02
-8.390387971539803313e-02 -8.145953951797491044e-02 -7.787658313123144160e-02 -7.686073213562066853e-02 -7.782312925170072060e-02 -8.073344280240835058e-02 -8.083585372559805304e-02 -7.569060773480661142e-02 -7.409455349737351093e-02 -7.660340767419308861e-02 -8.219938905859479339e-02 -9.105937456949993181e-02 -9.527687296416940954e-02 -8.909825033647381098e-02 -7.417433676231725836e-02 -6.251706251706248829e-02 -5.965870307167233516e-02 -7.175863006251698151e-02 -8.899808899808900331e-02 -9.716487751169829157e-02 -9.854515509195714562e-02 -9.560723514211884322e-02 -9.012178619756427977e-02 -8.207343412526993398e-02 -8.123997862105826473e-02 -8.644890463072280040e-02 -7.748595322095906679e-02 -6.579463701765859984e-02 -6.572769953051643688e-02 -7.299270072992698755e-02 -7.914605571465760381e-02 -7.688318423440940186e-02 -7.022290941888931215e-02 -6.896112173358820430e-02 -7.102451288497803328e-02 -6.678339169584796009e-02 -6.241366319226428205e-02
-7.698476343223734086e-02 -7.250268528464015594e-02 -6.717021850553007989e-02 -6.673886557465819047e-02 -6.998233455632558997e-02 -7.383649515490649240e-02 -7.989056087551302254e-02 -8.289870985451552876e-02 -8.205764722107297682e-02 -8.261713335181593287e-02 -8.808002222839678153e-02 -9.632900910847361220e-02 -9.855309855309851708e-02 -8.845208845208844817e-02 -7.516519823788550547e-02 -7.141870424091725789e-02 -7.438471057335355185e-02 -8.546543277082201129e-02 -9.523809523809521893e-02 -9.734269585570698435e-02 -1.055593685655456526e-01 -1.077091306724986125e-01 -9.771538673272774089e-02 -9.576654336210436991e-02 -9.716763789131320495e-02 -9.383378016085794360e-02 -8.100894167890031194e-02 -7.076350093109869122e-02 -7.229872881355936531e-02 -7.551426675514269493e-02 -7.230522945570970472e-02 -6.952721493841880485e-02 -6.964006259780906871e-02 -6.802108782306801049e-02 -6.504682358896476946e-02 -5.838135805562522790e-02 -5.283018867924527129e-02
-7.043003594727732797e-02 -6.494900697799249611e-02 -6.083906650478891620e-02 -6.404206552514495054e-02 -6.709869042797354799e-02 -6.573922531369341682e-02 -7.247971393205886181e-02 -8.345978755690441897e-02 -8.738938053097346226e-02 -8.465167915625869399e-02 -8.246128087065714152e-02 -8.524544569600885080e-02 -9.058419243986254310e-02 -8.623298033282905672e-02 -8.099861303744795848e-02 -8.669718407546124495e-02 -9.428257284222098245e-02 -9.028821199289714661e-02 -7.928669410150894492e-02 -7.954858243875588542e-02 -9.510165097557646274e-02 -9.748083242059142617e-02 -8.739752674725580206e-02 -9.264644786040712732e-02 -9.557302441042613006e-02 -9.088412959912135769e-02 -8.149359498500956256e-02 -7.270754205100378453e-02 -7.186358099878195627e-02 -7.400379506641364957e-02 -7.030401737242127080e-02 -6.614681365958592629e-02 -6.823280981918965205e-02 -6.763787721123828978e-02 -6.060996010809415607e-02 -5.427736112876571650e-02 -5.144450076026355068e-02
-5.984272957483669636e-02 -5.822240150598363695e-02 -6.012402264761394083e-02 -6.843800322061191488e-02 -7.167785234899327895e-02 -6.742794997281131852e-02 -7.171369580178940661e-02 -8.164398778117186450e-02 -8.569039988853276169e-02 -8.206771631600943973e-02 -8.005011833495750961e-02 -8.342541436464090410e-02 -8.595674787845607179e-02 -8.207521273675544293e-02 -8.203070964172087809e-02 -8.681135225375627429e-02 -8.779741199387784689e-02 -7.960681157413813935e-02 -6.857614982098596268e-02 -6.716110424392249256e-02 -7.626769273052086406e-02 -8.083459997236426553e-02 -8.114126652748779311e-02 -8.653311074012243198e-02 -8.708373972411866115e-02 -8.382066276803114280e-02 -8.031016338964272472e-02 -7.694429123000555426e-02 -7.738914899476732889e-02 -8.122941822173439241e-02 -7.595456411660056473e-02 -6.295993458708092072e-02 -6.300268096514746730e-02 -6.670188878615770922e-02 -6.337750951318725512e-02 -6.020023403978678328e-02 -6.064516129032260228e-02
-5.938620964527696611e-02 -5.653283201289113769e-02 -5.906148867313919248e-02 -6.521153327943951528e-02 -6.930960086299892131e-02 -6.854893443735578240e-02 -6.796382570567273407e-02 -6.847795952314944534e-02 -6.981290142418319911e-02 -7.766990291262133861e-02 -8.749314317059792012e-02 -8.665937670858393782e-02 -8.049747164138311428e-02 -7.719731249143017837e-02 -7.852098047361859290e-02 -8.086177951874647107e-02 -8.076977103525773138e-02 -8.029604803798348622e-02 -8.060279275542654720e-02 -7.520044235554325385e-02 -7.153771357132934772e-02 -8.068527217463390688e-02 -8.638562543192813969e-02 -8.785098693355575250e-02 -8.862175006989096715e-02 -8.728599494807746939e-02 -8.677975606336744974e-02 -8.709632322102608959e-02 -8.992053534086155708e-02 -9.633724948168621849e-02 -8.487696986452862580e-02 -5.821727019498611905e-02 -5.444047291723948245e-02 -6.750941366325982629e-02 -7.309279723072825696e-02 -6.801275239107333614e-02 -6.664913895096621910e-02
-7.135250266240680816e-02 -6.374394835933298864e-02 -5.856832971800437354e-02 -5.991033826925687422e-02 -6.496677064966771553e-02 -6.522033898305086563e-02 -6.364499932148190431e-02 -6.614044637996735476e-02 -6.809445359692471722e-02 -7.675408485514215173e-02 -8.894952251023192924e-02 -8.698639549264808313e-02 -8.117826026828933728e-02 -8.176795580110500505e-02 -8.202637057598885506e-02 -8.192129953787981311e-02 -8.376742221596510107e-02 -9.101107839012760603e-02 -9.637046307884859775e-02 -8.681135225375627429e-02 -7.660108832147340119e-02 -8.273381294964031463e-02 -9.048340448973969663e-02 -9.362054681027338898e-02 -9.182109516511081926e-02 -8.710998164619512818e-02 -9.070294784580498759e-02 -9.785067873303164576e-02 -1.038374717832957206e-01 -1.081232492997198785e-01 -9.729579035405634679e-02 -7.679442508710800086e-02 -6.970324361628710275e-02 -7.887971857664723141e-02 -8.459174128023519423e-02 -7.751937984496121148e-02 -7.328730748805101225e-02
-8.177445216461785849e-02 -7.510412468090821303e-02 -6.369686269183758021e-02 -5.867903930131002782e-02 -6.074639062925631106e-02 -5.810147299508999774e-02 -5.738373674190914986e-02 -6.343838766400651530e-02 -6.554026434119090971e-02 -6.965242478362412837e-02 -8.004416229643944447e-02 -8.901251738525729762e-02 -9.230769230769235445e-02 -9.062980030721971836e-02 -8.868160935542253320e-02 -8.835005574136009510e-02 -8.539325842696630919e-02 -8.764996471418490254e-02 -9.371926373471967109e-02 -8.943317004898530820e-02 -7.787114845938372665e-02 -7.516065940206760609e-02 -8.094575799721832887e-02 -8.377400500974112318e-02 -8.314669652855538606e-02 -8.234630569655952692e-02 -8.671665016268213788e-02 -9.482636428065199796e-02 -9.995722230144014897e-02 -1.031045286243235104e-01 -1.044357102751263394e-01 -1.005949910059499297e-01 -9.345409633594070620e-02 -8.808290155440415270e-02 -8.512653945053459681e-02 -8.317631224764462927e-02 -8.223024468511833107e-02
-8.302956662616438333e-02 -7.634001082837030272e-02 -6.663040522164809243e-02 -6.098557037843722189e-02 -6.157401114584751950e-02 -6.081265339514586865e-02 -6.212534059945501452e-02 -6.603260869565218127e-02 -6.451612903225802109e-02 -6.337153113350818545e-02 -7.203566949979099687e-02 -8.876404494382023058e-02 -9.871487078096310985e-02 -9.580163426317270248e-02 -9.316596931659698599e-02 -9.325204378550643047e-02 -8.539482879105515789e-02 -7.902907140841099187e-02 -8.152327221438648852e-02 -8.396517832069645693e-02 -8.099775784753360242e-02 -8.262505225024378841e-02 -8.624514697726012868e-02 -8.012283640424340547e-02 -7.961382398209035371e-02 -8.307692307692303435e-02 -8.381462177771518973e-02 -8.738969541702248933e-02 -9.135305946567078006e-02 -9.598853868194839878e-02 -1.019718309859155153e-01 -1.027102154273801388e-01 -9.471640549161002010e-02 -8.776779543883898860e-02 -8.819909749760700135e-02 -9.056399132321041323e-02 -9.564750134336380549e-02
-7.879950664656712456e-02 -7.373903508771935400e-02 -6.983736504031706760e-02 -6.670296760141573855e-02 -6.410779910167417606e-02 -6.389950846531945727e-02 -6.635718186783179373e-02 -6.873553831495848865e-02 -6.978007059462394690e-02 -7.064920894708127952e-02 -7.362302795460834437e-02 -8.323991031390130801e-02 -9.193140286758504087e-02 -8.784258608573436433e-02 -8.319327731092432399e-02 -8.386737252716629232e-02 -8.098296565205247155e-02 -7.332864180154820277e-02 -7.270155586987270269e-02 -7.872791519434632623e-02 -8.400168847615029077e-02 -9.095974369689377448e-02 -9.136351013607330041e-02 -8.355493351994397466e-02 -8.668903803131985941e-02 -8.634707036725540463e-02 -7.980687304742974109e-02 -8.287926584456555001e-02 -8.962536023054755441e-02 -9.430170805224628860e-02 -9.466192170818503449e-02 -9.219657272341026666e-02 -8.831828442437923699e-02 -8.915595304639463425e-02 -9.326710816777041002e-02 -9.215767064963602262e-02 -9.465357337697762052e-02
-8.196268140981342876e-02 -8.218801539307314663e-02 -8.028997401176313220e-02 -7.498975549788285122e-02 -6.803559206023267192e-02 -6.493150684931503491e-02 -6.955810147299508472e-02 -7.550244432373708070e-02 -7.563025210084031724e-02 -7.281883762079759126e-02 -7.198014340871483618e-02 -7.844503274348611777e-02 -8.619969363598378731e-02 -8.444444444444446085e-02 -8.221267156522940600e-02 -8.283613153878169322e-02 -8.185748152280013235e-02 -7.618779870677536148e-02 -7.657594133408544834e-02 -8.332158466093333993e-02 -8.819385742462665378e-02 -9.319899244332498223e-02 -9.004341128693460483e-02 -8.622147083685546831e-02 -9.308211473565802807e-02 -9.139784946236557961e-02 -8.368020668867515166e-02 -8.591264101822385091e-02 -9.140953208749812153e-02 -9.201213346814964000e-02 -9.054325955734406073e-02 -8.958214081282198094e-02 -8.847031963470319837e-02 -9.252719310637094741e-02 -9.659408151870467474e-02 -9.532399056472877497e-02 -9.578860445912466826e-02
-8.126817112003326127e-02 -8.456338805352464627e-02 -8.626373626373627646e-02 -8.099945085118069599e-02 -7.175195500068602683e-02 -6.606483381206397498e-02 -7.182772250238515788e-02 -8.391322144903808067e-02 -8.573784006595219775e-02 -7.730742539902843435e-02 -7.226562500000000000e-02 -7.664437012263097815e-02 -8.105861161147287497e-02 -8.240473242536802689e-02 -8.712898372315688866e-02 -8.795595320027529973e-02 -8.306575457210661761e-02 -8.001687526367595726e-02 -8.305274971941634110e-02 -8.632286995515696393e-02 -8.544125913434515163e-02 -8.836297437333706650e-02 -9.230340211935308958e-02 -9.752020061298415088e-02 -1.028403525954946218e-01 -9.937535491198179471e-02 -9.109311740890682629e-02 -8.731899956121108586e-02 -8.928571428571431545e-02 -9.027474923680769980e-02 -9.229661627069833674e-02 -9.286328460877041335e-02 -8.824374820350676385e-02 -8.903521328371027943e-02 -9.294417682062905417e-02 -9.369293440089898617e-02 -9.480122324159025171e-02
-7.581627006087436615e-02 -8.026570716855795096e-02 -8.488612836438924614e-02 -8.459630752273354648e-02 -7.970915077514065250e-02 -7.335063515913124721e-02 -7.755437012720561851e-02 -9.301683687551751123e-02 -9.973497000976429272e-02 -8.883890919314028911e-02 -7.856341189674520553e-02 -8.032240133407445026e-02 -7.959718581873365117e-02 -7.679648930334617707e-02 -7.890410958904113536e-02 -7.986688851913474607e-02 -8.325171400587655368e-02 -8.653038364603753141e-02 -8.541870543827759232e-02 -8.545099134320016665e-02 -8.001122964626611322e-02 -7.778871852581233093e-02 -8.553914739481745244e-02 -9.481216457960642274e-02 -9.653465346534650937e-02 -9.070548712206046027e-02 -8.615738081562321349e-02 -8.729927007299273511e-02 -9.141436302471846187e-02 -9.315506467083273234e-02 -9.560201874549384415e-02 -9.381755296152181900e-02 -8.967312698871848786e-02 -8.951996540291191906e-02 -8.927038626609441752e-02 -8.866505887359910076e-02 -8.776371308016878148e-02
