SOC_LEM/input/stinson_SOCI.txt
ncols         356
nrows         258
xllcorner     391312.9646857
yllcorner     4765958.4027697
cellsize      3
NODATA_value  -9999
[rows 204 to 220 of 258, columns 148 to 184 of 356]
8.864940302341658196e+00 8.831029391062724443e+00 8.708453281620098352e+00 8.449372665445377351e+00 8.250372961599587995e+00 8.155593834980145118e+00 7.918835399328362890e+00 7.636895357943934037e+00 7.412560497646501823e+00 7.210160255880292191e+00 7.058825053143681139e+00 6.965370507589180527e+00 6.843116796629192145e+00 6.691613233874941891e+00 6.606361918826560320e+00 6.476048235263777819e+00 6.297793716068935232e+00 6.298883485234360258e+00 6.388738747657282779e+00 6.404318221497566022e+00 6.339513415718001532e+00 6.287837957364160069e+00 6.317094738283482336e+00 6.357273499154918461e+00 6.337843750350027783e+00 6.272081348902807996e+00 6.202231516689125534e+00 6.126462871629116513e+00 6.069617347338350122e+00 6.032648392560571615e+00 6.001031329801130632e+00 6.028989799249218073e+00 6.107073088676137296e+00 6.078316230572126777e+00 5.965242854570896647e+00 5.958351739915044298e+00 6.080116173149584746e+00
8.935490183394403374e+00 8.845346818808380362e+00 8.644262532671817212e+00 8.439125099161504551e+00 8.338992742711614170e+00 8.263023604831733593e+00 8.038457767002629595e+00 7.832628283215581355e+00 7.679240866242536434e+00 7.467906455482791195e+00 7.163707145837153512e+00 6.927885960214298144e+00 6.741824663029023945e+00 6.584943646327231725e+00 6.519186223115089440e+00 6.455451857838267138e+00 6.356227651425260028e+00 6.341057097448275393e+00 6.346201711448554938e+00 6.371062078598867195e+00 6.421494123538447063e+00 6.418464153694627861e+00 6.415674999458347294e+00 6.450851856826196773e+00 6.456380584917375209e+00 6.359238611307001854e+00 6.236475178996905733e+00 6.144650319560644114e+00 6.071949942967864722e+00 6.029227813426250471e+00 5.969652781298695920e+00 5.940287779280329694e+00 6.044286525599020798e+00 6.053032741185659482e+00 5.901543014614721194e+00 5.840181014785007285e+00 6.006921138276203997e+00
9.149442401775424116e+00 8.998767425191093849e+00 8.659623894699340241e+00 8.428574720788070351e+00 8.406978204689856682e+00 8.377425167459321642e+00 8.210984631860657856e+00 8.040270241611157331e+00 7.829218634017949263e+00 7.520105933655638175e+00 7.146155544075914356e+00 6.858525080935302221e+00 6.724083315828166540e+00 6.602160738296162457e+00 6.445360571227721103e+00 6.416122240350834893e+00 6.400748311577156180e+00 6.369464408357855767e+00 6.378144169256477092e+00 6.416625804225058793e+00 6.486327786750302415e+00 6.509784063463459169e+00 6.469217637473060556e+00 6.457362471981238805e+00 6.435219803078008560e+00 6.340679096529224346e+00 6.253957873843183357e+00 6.186669124600228109e+00 6.100420199349550821e+00 6.017641411462814283e+00 5.942839481145909097e+00 5.916801314942888190e+00 5.965051598277976375e+00 5.990917570993004482e+00 5.982604337745667245e+00 6.040044899922007993e+00 6.188225518556111915e+00
9.265240501595361167e+00 9.045795512257654991e+00 8.645941443552441541e+00 8.357640521892093943e+00 8.306487432410722960e+00 8.289180807242971127e+00 8.164632796005886206e+00 8.000324705220748456e+00 7.781032185863268502e+00 7.476897077557173255e+00 7.174819776985523312e+00 6.898504897076235487e+00 6.670483584607144856e+00 6.501319098178597322e+00 6.368037863257170805e+00 6.350233892537123559e+00 6.394165044823769684e+00 6.392985290517569474e+00 6.398557300056359587e+00 6.447668806430812971e+00 6.548310083695516148e+00 6.608199709347124973e+00 6.549889778247735883e+00 6.524709657282005359e+00 6.482131587468988876e+00 6.361576665166816191e+00 6.289394091641979934e+00 6.228931310336496274e+00 6.143569701269881556e+00 6.065741056252302421e+00 6.002366438718994779e+00 5.966664751347631857e+00 5.955921934971573073e+00 5.971540662005515365e+00 6.002608416999769325e+00 6.147310673204750664e+00 6.371821435408977941e+00
9.292824865938584367e+00 8.983475386280382224e+00 8.584563834048395847e+00 8.335358484034241400e+00 8.250895194271361532e+00 8.111711989041836546e+00 7.896067575764951663e+00 7.753268375874518448e+00 7.678622848151825941e+00 7.443255012191939635e+00 7.259410850653694958e+00 7.074925197637484509e+00 6.709532110939382399e+00 6.489016925624148335e+00 6.378998742411131850e+00 6.294931729302610357e+00 6.382260882177628325e+00 6.472905728919079671e+00 6.481555753490243710e+00 6.492001348342244960e+00 6.525831589246270603e+00 6.538461881272580989e+00 6.540127928321713746e+00 6.571845099696106196e+00 6.547110175752988148e+00 6.425003587603787203e+00 6.316475619189842128e+00 6.258377792870072120e+00 6.200516300255794810e+00 6.137122964522581547e+00 6.086129246011670269e+00 6.036634271133167751e+00 5.991435148366655916e+00 5.987876128829650035e+00 6.066169797612190884e+00 6.267044143355877672e+00 6.589906707243842199e+00
9.123967013507339630e+00 8.738427682416709530e+00 8.409987886293944115e+00 8.224832640295495878e+00 8.077039410755972426e+00 7.843007609703875893e+00 7.537819554352087614e+00 7.396032964014055189e+00 7.458703662187711636e+00 7.425827163480721360e+00 7.360547398570354893e+00 7.222719974718910585e+00 6.925995606399577120e+00 6.746382827096673473e+00 6.615531751187034182e+00 6.483305513736229209e+00 6.507887424460517600e+00 6.631237758261135262e+00 6.659213822901178581e+00 6.583317910862617417e+00 6.548244663683635558e+00 6.522940473877315348e+00 6.522387432931906481e+00 6.530630169473702118e+00 6.489236322964864634e+00 6.438757986702996483e+00 6.391829601143956374e+00 6.321680236453285140e+00 6.246089354715976150e+00 6.188616553781396412e+00 6.155952121151636369e+00 6.107363572938534269e+00 6.068904275440677232e+00 6.121918064571661766e+00 6.292772249860598244e+00 6.483424521316558220e+00 6.714693221837833015e+00
8.623638555971560038e+00 8.261969852413585613e+00 8.107641066564909238e+00 8.025059140855628215e+00 7.860780896471774248e+00 7.637221629637502396e+00 7.462866608967371640e+00 7.329920563580395232e+00 7.316574349495451379e+00 7.346381474264702227e+00 7.244251097886096780e+00 6.970678570872894220e+00 6.760015517664982987e+00 6.772817022435078549e+00 6.790057799085201573e+00 6.705126947442827223e+00 6.630941307956864428e+00 6.634775627664136088e+00 6.546712984739200714e+00 6.496136715231039638e+00 6.570673308465660334e+00 6.548669390782431599e+00 6.530313880749466726e+00 6.547617181989569879e+00 6.539879681336155492e+00 6.528656178963843537e+00 6.486028116443978142e+00 6.388713536897275169e+00 6.323773636179200075e+00 6.264622651425592714e+00 6.206532100058070434e+00 6.196484070281063516e+00 6.238835677382565059e+00 6.341860083013668437e+00 6.506462036873833732e+00 6.680920166859945830e+00 6.849185541239658725e+00
8.320676889248325381e+00 7.974351052943448259e+00 7.836340934505815703e+00 7.835973128707061086e+00 7.684705157717911739e+00 7.411859681503508490e+00 7.246758930032812351e+00 7.191582027591485904e+00 7.187914124232476887e+00 7.174116312775796978e+00 7.065275870786725143e+00 6.868723524244363610e+00 6.730699681711750593e+00 6.770483258263614523e+00 6.830601508938994648e+00 6.819218246404601835e+00 6.780261877588245945e+00 6.729268373783029666e+00 6.559330264988942893e+00 6.522147799976921512e+00 6.619558433334609582e+00 6.544997808128845129e+00 6.543590754334631221e+00 6.617554455944401504e+00 6.630186395549071854e+00 6.617381780258257074e+00 6.583678514377717228e+00 6.489494713220371302e+00 6.376618499930500228e+00 6.302363033609871046e+00 6.290447108346101324e+00 6.354198285452242523e+00 6.439467213476498308e+00 6.524359034532138502e+00 6.684240583952047565e+00 6.891086349288456425e+00 6.984339597614499517e+00
8.070778701623584794e+00 7.766796252824918589e+00 7.600474353800581007e+00 7.561718840401801423e+00 7.415775566810988373e+00 7.196484245002724656e+00 7.080881450252968001e+00 7.119557814298741683e+00 7.243066778135086814e+00 7.222327600819135718e+00 7.015298501775405704e+00 6.839902057851234396e+00 6.768147441009548793e+00 6.799718231000412949e+00 6.877834069885110146e+00 6.953837679525221027e+00 6.929274602327999411e+00 6.853815056147051443e+00 6.775513270561655865e+00 6.717982375867539879e+00 6.671214990019396218e+00 6.583503991910519382e+00 6.598283359949053128e+00 6.686355194357108012e+00 6.723507333950125009e+00 6.753363964397769870e+00 6.823835817901826140e+00 6.726808439150331331e+00 6.491280929698327817e+00 6.398993824737764236e+00 6.443441131959265711e+00 6.504699776482650186e+00 6.521201465597118663e+00 6.582566765623066196e+00 6.781549492413906144e+00 6.989675349757971112e+00 6.969079272982487971e+00
7.836389957069573420e+00 7.598670549263304430e+00 7.416751422790068382e+00 7.326660601936313633e+00 7.259714136372035220e+00 7.190197685102037717e+00 7.125098558088159173e+00 7.089149638156617250e+00 7.132874070288182544e+00 7.096009194467693071e+00 6.937478308359255941e+00 6.817404635332471763e+00 6.829290438602362734e+00 6.956011655136093985e+00 7.057938825158093898e+00 7.088021062011352846e+00 7.004105281879172473e+00 6.954054202983646071e+00 6.994786752139511954e+00 6.904787158750617770e+00 6.789923888840836419e+00 6.710731004029402591e+00 6.684834459551750818e+00 6.774849825257748925e+00 6.858662393649264111e+00 6.897612547271465111e+00 6.980781462924576353e+00 6.904939649655594813e+00 6.690803224860142784e+00 6.593952311315161019e+00 6.587055137840413188e+00 6.562977829594889734e+00 6.529293130748290430e+00 6.579878734324448253e+00 6.665830295830452279e+00 6.782157924405026073e+00 6.827542467861758446e+00
7.717278241150730800e+00 7.464553037070609243e+00 7.302239723363054047e+00 7.243880602039038941e+00 7.285189388236333663e+00 7.334181406195917852e+00 7.242691978311607492e+00 7.065527842692259419e+00 6.976487422557730689e+00 6.950261288488376543e+00 6.946660240222477078e+00 6.893719839397628668e+00 6.850403626257153711e+00 7.036316011339548204e+00 7.174607305202518326e+00 7.142451212757820578e+00 7.163675932987550787e+00 7.144311470192879376e+00 7.064603744151171760e+00 6.965277863409155223e+00 6.932317575176166535e+00 6.924313800720919510e+00 6.915244200712296951e+00 6.963439769160348014e+00 6.970859551886621652e+00 6.948026388135873255e+00 6.965762190945906873e+00 6.975319624050270839e+00 6.895744707269686025e+00 6.774228483589072702e+00 6.686402630050307216e+00 6.602333798504861129e+00 6.583888962656694765e+00 6.622795374961312653e+00 6.600292521011581037e+00 6.681346953160200108e+00 6.781839013812999362e+00
7.702500457980970161e+00 7.413642583461563795e+00 7.291929575847043488e+00 7.214215531011341831e+00 7.160276116245056777e+00 7.199165661545456452e+00 7.196827753502419434e+00 7.050523905273217373e+00 6.954970451274804510e+00 7.022288719950364744e+00 7.098153330881012302e+00 7.054752105920116811e+00 6.989113463040170338e+00 7.121018887543416831e+00 7.162307216078974470e+00 7.104613196243598772e+00 7.193300577114908556e+00 7.164305760854417393e+00 7.043166379006161826e+00 6.981765158525628401e+00 7.024560745402246731e+00 7.098179380931665783e+00 7.127219461346302687e+00 7.101133834413718482e+00 7.018968510707147779e+00 6.968798149393118813e+00 6.950356446945312960e+00 6.917916623706932278e+00 6.933480380498646234e+00 6.897241144317471928e+00 6.806560143317741840e+00 6.760621889201821055e+00 6.745410993808895306e+00 6.733162265649533573e+00 6.717804776097559660e+00 6.798680530663275157e+00 6.894355613736631305e+00
7.720391614936967351e+00 7.413754016029669991e+00 7.179536975613408423e+00 7.134531942259713766e+00 7.141899366284298445e+00 7.147627326953895910e+00 7.161266003326404395e+00 7.138827515603430207e+00 7.161879443866552286e+00 7.253449006018253264e+00 7.272043175721011998e+00 7.288322379216187308e+00 7.266347122342160070e+00 7.234124433155892042e+00 7.213575844832985418e+00 7.246120061886480279e+00 7.286111641222999147e+00 7.178760923997720589e+00 7.120007573427487024e+00 7.161827444189968084e+00 7.202564865093685320e+00 7.222359099122621195e+00 7.219311686607666978e+00 7.150238430811493906e+00 7.040683370965063581e+00 6.972875409882816733e+00 6.953583065091847537e+00 6.941923203965012057e+00 6.974733503195412077e+00 7.002938331243977466e+00 6.955419691623725420e+00 6.900208661116926656e+00 6.883369389148088935e+00 6.925538740739502153e+00 7.010176868348259482e+00 7.095024667215207081e+00 7.114315930352065998e+00
7.808506763219907221e+00 7.564776408632668314e+00 7.304389597073099871e+00 7.261199427160570430e+00 7.248992291333467897e+00 7.193732732091656423e+00 7.086720986186425542e+00 7.021843797152274469e+00 7.168804607987040889e+00 7.372926288606433509e+00 7.417194574298116017e+00 7.508922782775507621e+00 7.481216797626404791e+00 7.349981299116254085e+00 7.359471480295483481e+00 7.432507729769040061e+00 7.432258714064787775e+00 7.291840693450390098e+00 7.195862218253203046e+00 7.215429068787313049e+00 7.248388334791713739e+00 7.217272977606060458e+00 7.200591983369291960e+00 7.106007040833428157e+00 6.944396109507885662e+00 6.892093221344617326e+00 6.996984969668846865e+00 7.055795781626193808e+00 6.983769745062837764e+00 6.970333807682371763e+00 6.968719093932782549e+00 6.943833845723587750e+00 6.970998694699235720e+00 7.083766276933039840e+00 7.154416394089554210e+00 7.158208099034308880e+00 7.178458390335399564e+00
7.909446810155924545e+00 7.607499171299450857e+00 7.445466181277850204e+00 7.403615763854927145e+00 7.256481629119133636e+00 7.159018577708676112e+00 7.123113041879103768e+00 7.093472874049358445e+00 7.239867492346296451e+00 7.466834462337780032e+00 7.580103439939093413e+00 7.619466508812489103e+00 7.538871942691410588e+00 7.448433352555613673e+00 7.477239272411224213e+00 7.475368888175581539e+00 7.403529507448637581e+00 7.326550931654991494e+00 7.273166769764663364e+00 7.224858535428137607e+00 7.186390469976713824e+00 7.167938717022743766e+00 7.215258429007019636e+00 7.189357935465017668e+00 7.013677773105569280e+00 6.907423836626221281e+00 7.022990384708944767e+00 7.010259568686497467e+00 6.859306646158329634e+00 6.892202365727228219e+00 6.945561792936856271e+00 6.922244000464714553e+00 6.902509456370476748e+00 7.014257793712977751e+00 7.141594641927899723e+00 7.180188408152591073e+00 7.207935889197893964e+00
7.886545641635756887e+00 7.608650467059560718e+00 7.472527005740748685e+00 7.478794981313334311e+00 7.397808421023918335e+00 7.282346391089455473e+00 7.253319285846735021e+00 7.343505253521514398e+00 7.503407629412484958e+00 7.614518744197078526e+00 7.633209183139638476e+00 7.607150382142862988e+00 7.558012092280924854e+00 7.516906669320269962e+00 7.558355390751970937e+00 7.598208725884039616e+00 7.511001121076959386e+00 7.427893666989409560e+00 7.388945021363308108e+00 7.275919667293385906e+00 7.176493377141027530e+00 7.142955911851275097e+00 7.214507952664654944e+00 7.325162491476915783e+00 7.241696096094453416e+00 7.056818741306252640e+00 7.018711940047171360e+00 6.939489325543516607e+00 6.860646506807420941e+00 6.915819952193911213e+00 6.987726592621821275e+00 6.996277962515351057e+00 6.981006447356095101e+00 7.044065788033171849e+00 7.152975132496279365e+00 7.192831420240040963e+00 7.113618487455416250e+00
7.857930356210272471e+00 7.613422680289937183e+00 7.451355724314958628e+00 7.425651632879845643e+00 7.415596223561434108e+00 7.338684579591078894e+00 7.294262523881909210e+00 7.403658526073638946e+00 7.622234603692372268e+00 7.747293309968562802e+00 7.697596900835232070e+00 7.607282434186354969e+00 7.602092243309537700e+00 7.591350871112614307e+00 7.616834682611593799e+00 7.659802667731603343e+00 7.601402274604105891e+00 7.513003938223733691e+00 7.450790543776137476e+00 7.326397281765747671e+00 7.173696017705860406e+00 7.125095359951491680e+00 7.214960607821550020e+00 7.339268131373699156e+00 7.259039900609793428e+00 7.073602847841853780e+00 6.978471824151912806e+00 6.932828239696347872e+00 6.998169107646559972e+00 7.065567974516064886e+00 7.031473190973053455e+00 6.985149417952485784e+00 7.013760707465979571e+00 7.089486387269889001e+00 7.124634770637942260e+00 7.132186588334783472e+00 7.110076553895932072e+00
