SOC_LEM/input/stinson_SOCI.txt
ncols         356
nrows         258
xllcorner     391312.9646857
yllcorner     4765958.4027697
cellsize      3
NODATA_value  -9999
[rows 51 to 67 of 258, columns 222 to 258 of 356]
1.006672099205062310e+01 1.007627812299009662e+01 1.000309421590514347e+01 1.004927492988802129e+01 1.008258105503598046e+01 1.014103036226115861e+01 1.020597431553735390e+01 1.006907811986911838e+01 9.859093561731917532e+00 9.720802177151611545e+00 9.566019402542426775e+00 9.273105271642272385e+00 8.868185238484699084e+00 8.564341946331126110e+00 8.483010134362757526e+00 8.260808806400337545e+00 7.895050980620117009e+00 7.602145336692905708e+00 7.313168196847624536e+00 7.026728388231005873e+00 6.882834459840053931e+00 6.961229319920797742e+00 7.145518156426640566e+00 7.316841647644149127e+00 7.451159939000745247e+00 7.711396133312294232e+00 8.059619378569060189e+00 8.270623792489260495e+00 8.360177952630543530e+00 8.518642871222709800e+00 8.615190652244443470e+00 8.694927252802326478e+00 8.911844069135778312e+00 -9.999000000000000000e+03 -9.999000000000000000e+03 -9.999000000000000000e+03 -9.999000000000000000e+03
1.048020245736866585e+01 1.032828942973153019e+01 1.002151583306322991e+01 9.939653610427765074e+00 9.980168957022115706e+00 1.008196591117800978e+01 1.016692705173234046e+01 1.009862374362767312e+01 9.899792294245099100e+00 9.716633534168646946e+00 9.493205364001330082e+00 9.142777753232003590e+00 8.753049454718713207e+00 8.412954800020763457e+00 8.193413495730272444e+00 7.983550737219439419e+00 7.661456654339754202e+00 7.321881662091752396e+00 7.014123851874685123e+00 6.740271005617342048e+00 6.696214297680389116e+00 6.922490836471582476e+00 7.153963324661225975e+00 7.303623979840542013e+00 7.432393042274655137e+00 7.677832440930230540e+00 8.007045327091550035e+00 8.262090880220807065e+00 8.377845534592847088e+00 8.537010659307295413e+00 8.718400366862780970e+00 8.891855184786980004e+00 9.094290386322775532e+00 -9.999000000000000000e+03 -9.999000000000000000e+03 -9.999000000000000000e+03 -9.999000000000000000e+03
1.061340150926484327e+01 1.031233907969603436e+01 1.000056895999319195e+01 9.919927263974408049e+00 9.955806107314373321e+00 9.999720222336907938e+00 1.007610104462685285e+01 1.009606369284370686e+01 9.959822328581438455e+00 9.800018828834609508e+00 9.547919445647792713e+00 9.163300833612442631e+00 8.810995221171950220e+00 8.418708447669175143e+00 8.052822343956346884e+00 7.810541266512150749e+00 7.520515517687893059e+00 7.212861699751722533e+00 6.977189642180509743e+00 6.806792986506830623e+00 6.753696313741072821e+00 6.867511229473955758e+00 7.052206747247686813e+00 7.183862244971407129e+00 7.325603069477440776e+00 7.553972220169934637e+00 7.862850277808594690e+00 8.210346620412686036e+00 8.405081880293135299e+00 8.524177539437229001e+00 8.849529679534839488e+00 9.276006423679636015e+00 9.500684032282670444e+00 -9.999000000000000000e+03 -9.999000000000000000e+03 -9.999000000000000000e+03 -9.999000000000000000e+03
1.033602614753229076e+01 1.001675854962290302e+01 9.896473853845908053e+00 9.934770060929189128e+00 9.956616743845696504e+00 9.959304644343735191e+00 1.001371344892581305e+01 1.005190587968991167e+01 9.967462777983918443e+00 9.837589182732845217e+00 9.587946972848168770e+00 9.184697753758332084e+00 8.776352993408206515e+00 8.439822442851344420e+00 8.181193854301934465e+00 7.923234024650773755e+00 7.600460688983473823e+00 7.336845965747461840e+00 7.143725017683558498e+00 6.979813081190031632e+00 6.871241269745753222e+00 6.826471951054212006e+00 6.917616783377193990e+00 7.124471369804155962e+00 7.337032672572081360e+00 7.594130103202194171e+00 7.887232981174185475e+00 8.213578336269161895e+00 8.472881490019751993e+00 8.753867028637838388e+00 9.160791769435892462e+00 9.487069166861129332e+00 9.627395152533864575e+00 -9.999000000000000000e+03 -9.999000000000000000e+03 -9.999000000000000000e+03 -9.999000000000000000e+03
1.017560654282721799e+01 1.002203435565203549e+01 9.969303729544495951e+00 9.959452213419030642e+00 9.962906262490470510e+00 9.984693406424501205e+00 9.990620278985982594e+00 9.999792506173616147e+00 9.991569714392522172e+00 9.875348467129750674e+00 9.589146639956677376e+00 9.232874696720426044e+00 8.893959818214039359e+00 8.590451499502780308e+00 8.361917006883260228e+00 8.136105435122672702e+00 7.863827706538333295e+00 7.625279551420049096e+00 7.423845174904641020e+00 7.245676827458185976e+00 7.078333519211542857e+00 6.888705131826319494e+00 6.931681799672131383e+00 7.226892062681169016e+00 7.451060576716218797e+00 7.702491957473788453e+00 7.973574744491028987e+00 8.180755638859348977e+00 8.377097925328953920e+00 8.768595492564379867e+00 9.305720469096787184e+00 9.579823397994776002e+00 9.650520075386399554e+00 -9.999000000000000000e+03 -9.999000000000000000e+03 -9.999000000000000000e+03 -9.999000000000000000e+03
1.000221218471489948e+01 9.912451008613853531e+00 9.914015126175396375e+00 9.876440982215395792e+00 9.896273485201120934e+00 9.939497139431654915e+00 9.933294924667698922e+00 9.985682983975522120e+00 1.003628032547711868e+01 9.947402893330419715e+00 9.671033866653704791e+00 9.347828115411836336e+00 9.029333697563210137e+00 8.689036325977433251e+00 8.416427052405484943e+00 8.237765485084608486e+00 8.053245947132261051e+00 7.838293555875837093e+00 7.695116026177594826e+00 7.537349935629914732e+00 7.360663683030188587e+00 7.219574544134405691e+00 7.212876040563247493e+00 7.397095871300435554e+00 7.615667072275821958e+00 7.852430417547867414e+00 8.075514372645574923e+00 8.308547276448624785e+00 8.593451639505083506e+00 8.926914545441562154e+00 9.412198047434333859e+00 9.796257906423210926e+00 9.861361208214209029e+00 -9.999000000000000000e+03 -9.999000000000000000e+03 -9.999000000000000000e+03 -9.999000000000000000e+03
9.823343378165816375e+00 9.711433573278771547e+00 9.710355984995068468e+00 9.670502286584447660e+00 9.711322609937830919e+00 9.735570433419351133e+00 9.778238915028431677e+00 9.911664812321561158e+00 9.940695680467644735e+00 9.846205146173161893e+00 9.643751072514515243e+00 9.340938039144898397e+00 9.022680698228210616e+00 8.723437811796909358e+00 8.489972721176510362e+00 8.356112367233180294e+00 8.221946224704069550e+00 8.061812675706157449e+00 7.948906069188660162e+00 7.738870681408060115e+00 7.569241352197267680e+00 7.572932753414506557e+00 7.529708879579462000e+00 7.614573703262995430e+00 7.896381955244833328e+00 8.206917100966840906e+00 8.376508853897590257e+00 8.571913038681056918e+00 8.869787522785141931e+00 9.058579737411502464e+00 9.299023672970278653e+00 9.583408616459593077e+00 9.664814001161477819e+00 -9.999000000000000000e+03 -9.999000000000000000e+03 -9.999000000000000000e+03 -9.999000000000000000e+03
9.735290982351084921e+00 9.711087995828552977e+00 9.716945433465220106e+00 9.676064619234363562e+00 9.651962535070477855e+00 9.571300741711414872e+00 9.575092254758128973e+00 9.774165949595854386e+00 9.899656267376379049e+00 9.809359683396191798e+00 9.550626847139824349e+00 9.207166523796725954e+00 8.887360071453418442e+00 8.739652149996839370e+00 8.640171051804095725e+00 8.472759875818411501e+00 8.405100745793447459e+00 8.324206187281156133e+00 8.165989631017829709e+00 7.993202059065134257e+00 7.878984755711413435e+00 7.860656266886599575e+00 7.816039786816355139e+00 7.870549388774136013e+00 8.067729536131679424e+00 8.311235622532908707e+00 8.519144327081125567e+00 8.702790715530248633e+00 8.865553807271350450e+00 8.964659079757169025e+00 9.091828221596127690e+00 9.250184016808340459e+00 9.303588432204538350e+00 -9.999000000000000000e+03 -9.999000000000000000e+03 -9.999000000000000000e+03 -9.999000000000000000e+03
9.538212519597458083e+00 9.637037041577716678e+00 9.706041309592201571e+00 9.723388958737558596e+00 9.761986324657847547e+00 9.743601741305042196e+00 9.659584988382366788e+00 9.700395721913668723e+00 9.833261243589003442e+00 9.738477445033943525e+00 9.489330906380555319e+00 9.245937939935604533e+00 8.980072791107591712e+00 8.831955114583692534e+00 8.712865805160305399e+00 8.527892500907334750e+00 8.492619964854821291e+00 8.473218483806739698e+00 8.333448912698017352e+00 8.207250387270235592e+00 8.101165936865889705e+00 7.999122214842681267e+00 7.980356177692713437e+00 8.098194671453946114e+00 8.234026028417360976e+00 8.357113201786471990e+00 8.539899154158884897e+00 8.743953713158550300e+00 8.827962199468558424e+00 8.861552424013808604e+00 8.969070751401954311e+00 9.062620256420345299e+00 9.071991847774231843e+00 -9.999000000000000000e+03 -9.999000000000000000e+03 -9.999000000000000000e+03 -9.999000000000000000e+03
9.590427113642558510e+00 9.635212587055288935e+00 9.601820760095524321e+00 9.591290396366300541e+00 9.627926682548491044e+00 9.623116352363791037e+00 9.608657293739341299e+00 9.620801450384398379e+00 9.677672027630759288e+00 9.605879481261307973e+00 9.448269796214699312e+00 9.347174870830443183e+00 9.196456649801255878e+00 8.905228559391403564e+00 8.695806261672089477e+00 8.585112707888086447e+00 8.525467296684752228e+00 8.523812712961770899e+00 8.467308147338961533e+00 8.330651435900012558e+00 8.221467298563556625e+00 8.152488638934517695e+00 8.125533962744359684e+00 8.220393199600241729e+00 8.374746501033783375e+00 8.453410162457192456e+00 8.521053916132707684e+00 8.691439463368009655e+00 8.814466224087652790e+00 8.904540746252013861e+00 9.042455964285501580e+00 9.108997981853246273e+00 9.068292911858144123e+00 -9.999000000000000000e+03 -9.999000000000000000e+03 -9.999000000000000000e+03 -9.999000000000000000e+03
9.663930966061926142e+00 9.602516888066965350e+00 9.478213707517721076e+00 9.487288791143274835e+00 9.502775431521765626e+00 9.501594339320384108e+00 9.600356706604546986e+00 9.653932510332154493e+00 9.638821503544445335e+00 9.557144042204551937e+00 9.447377302574871294e+00 9.446127793987020738e+00 9.382309857130632480e+00 9.031841736934758558e+00 8.753542182999936472e+00 8.614124516118959463e+00 8.502442069288633775e+00 8.487633932805533021e+00 8.665211719895012266e+00 8.624894404877228027e+00 8.224664234728265910e+00 7.954468588014434793e+00 7.958658206412175140e+00 8.127160862601755298e+00 8.262053350173435007e+00 8.304073820449541898e+00 8.404434119408179527e+00 8.679442462725937446e+00 8.931884695248566430e+00 9.089598614972445034e+00 9.170500978239946477e+00 9.184734509522780144e+00 9.108126204019715288e+00 -9.999000000000000000e+03 -9.999000000000000000e+03 -9.999000000000000000e+03 -9.999000000000000000e+03
9.426115693913359905e+00 9.273511953024037524e+00 9.242791243612529684e+00 9.411816381989993374e+00 9.541797494792774614e+00 9.629652103391709517e+00 9.704786681391965431e+00 9.632867406554190381e+00 9.551169963011858499e+00 9.562228456626311157e+00 9.515206070438853914e+00 9.365292638870503339e+00 9.122808771912684023e+00 8.840123498136854607e+00 8.675747130795961937e+00 8.593256917871944012e+00 8.403577290094965235e+00 8.208314901205362446e+00 8.336769022812713814e+00 8.284054609328062924e+00 7.862277413797627013e+00 7.600240214976792252e+00 7.714225554142408292e+00 8.051438443367750608e+00 8.227654037152657196e+00 8.308507266686131487e+00 8.482960536722345068e+00 8.832085316894126237e+00 9.137469012906002774e+00 9.275564490859693478e+00 9.273953933384596837e+00 9.227760141442271191e+00 9.137060357690671708e+00 -9.999000000000000000e+03 -9.999000000000000000e+03 -9.999000000000000000e+03 -9.999000000000000000e+03
9.204116829423497848e+00 9.103969509524514336e+00 9.192932003962809517e+00 9.439420473626405794e+00 9.687592979983421060e+00 9.754732904804544802e+00 9.640600957102247293e+00 9.500308326332135067e+00 9.487485024537310352e+00 9.640823421716305575e+00 9.592809374649036158e+00 9.188692680893844056e+00 8.851873808004391719e+00 8.673335598747524244e+00 8.562860437197556962e+00 8.463040421351468723e+00 8.244134080062920589e+00 8.015986465328751365e+00 7.968583329119682368e+00 7.827065329537165717e+00 7.697020672817441955e+00 7.742266429247458781e+00 7.804040342178724110e+00 8.025370329334460706e+00 8.344245024963722557e+00 8.601555724007425852e+00 8.792024549716295212e+00 9.092546973906358687e+00 9.438923411109051642e+00 9.571327869638842856e+00 9.394840368338311265e+00 9.217579749009978229e+00 9.157630413715715179e+00 -9.999000000000000000e+03 -9.999000000000000000e+03 -9.999000000000000000e+03 -9.999000000000000000e+03
9.180138224611511077e+00 9.188823517907501071e+00 9.309927475903371885e+00 9.411814418124468062e+00 9.541018902964026438e+00 9.620327488712575814e+00 9.564905226750276768e+00 9.489217073955607873e+00 9.538658618157299429e+00 9.687536077561883729e+00 9.561427861595184652e+00 9.110584302876404195e+00 8.821800313401325866e+00 8.648987998687694301e+00 8.450006414387154052e+00 8.307484151121933280e+00 8.163314465719924584e+00 7.983048848710278200e+00 7.861110972738882374e+00 7.784753332857900610e+00 7.728860083614542908e+00 7.749248281090589607e+00 7.765819533095695171e+00 7.914848792321417470e+00 8.423593890357714997e+00 8.893291502979852936e+00 8.993310167888282081e+00 9.240466043111887018e+00 9.611940791334934175e+00 9.659168836499201660e+00 9.341249822548846282e+00 9.073948732114594407e+00 9.042042865682297759e+00 -9.999000000000000000e+03 -9.999000000000000000e+03 -9.999000000000000000e+03 -9.999000000000000000e+03
9.257251555999186365e+00 9.265468833969126905e+00 9.405596545351816218e+00 9.502039125834777167e+00 9.503797825435785995e+00 9.550107316958666104e+00 9.643507378131854324e+00 9.680500942971423939e+00 9.614837920319200038e+00 9.538802026238059284e+00 9.451894679015968137e+00 9.198587592391533008e+00 8.874768511002812943e+00 8.671992497017196655e+00 8.464682772092420038e+00 8.271223947726337400e+00 8.159806927746259930e+00 7.997338272262951797e+00 7.951642850130963502e+00 8.012272370312324199e+00 7.814992932586920737e+00 7.707656694274782616e+00 7.686293923405041362e+00 7.625385465793134365e+00 8.026248111389456596e+00 8.625966139257272403e+00 8.912337233589894936e+00 9.185533088540175584e+00 9.290848976480674537e+00 9.080830737009140563e+00 8.868349841289823843e+00 8.845007624764559040e+00 8.968086948764860011e+00 -9.999000000000000000e+03 -9.999000000000000000e+03 -9.999000000000000000e+03 -9.999000000000000000e+03
9.341161833849636054e+00 9.428682939010446518e+00 9.613539187231129546e+00 9.665524299287952203e+00 9.559478943825926223e+00 9.436298395947684270e+00 9.403693397041934077e+00 9.493131784988964483e+00 9.496050912770680696e+00 9.373782509711780619e+00 9.423214178160936427e+00 9.317478692251267347e+00 8.976449570883332285e+00 8.837363183930680322e+00 8.585322102256267129e+00 8.292305288886190340e+00 8.128404653264592383e+00 7.978212220460100035e+00 7.956428931658876103e+00 7.948228226571292687e+00 7.737545866276401618e+00 7.740372727682271581e+00 7.854088269524869936e+00 7.761447736415331811e+00 7.850508058868187256e+00 8.297428554216473628e+00 8.736142911475507589e+00 8.877858548217524515e+00 8.800076150270200515e+00 8.623283635752457599e+00 8.601429703969479590e+00 8.785696156780240074e+00 9.009882980672912822e+00 -9.999000000000000000e+03 -9.999000000000000000e+03 -9.999000000000000000e+03 -9.999000000000000000e+03
9.309204202217014057e+00 9.446810630169050427e+00 9.633981422314214171e+00 9.529285748747476248e+00 9.377860946566823230e+00 9.319202812187331375e+00 9.265994080311624970e+00 9.363335665017697096e+00 9.491698600562131105e+00 9.455477856200058540e+00 9.343212737169228177e+00 9.098968196563770761e+00 8.913365448752859521e+00 8.903919031367074410e+00 8.619140569624327952e+00 8.296414908257393250e+00 8.132447284639400920e+00 7.923656375364534377e+00 7.727263400038316910e+00 7.583002375193935940e+00 7.518389302062149504e+00 7.620806106222791421e+00 7.737535356381031626e+00 7.720756095741792002e+00 7.783146986825969726e+00 8.140873082529427762e+00 8.527894470322362253e+00 8.587526442039674635e+00 8.501455110322893916e+00 8.420103010234836205e+00 8.522284325354700485e+00 8.751313218360156299e+00 8.885537225700982589e+00 -9.999000000000000000e+03 -9.999000000000000000e+03 -9.999000000000000000e+03 -9.999000000000000000e+03
