SOC_LEM/input/stinson_DEM.txt
ncols         356
nrows         258
xllcorner     391312.9646857
yllcorner     4765958.4027697
cellsize      3
NODATA_value  -9999
[rows 85 to 101 of 258, columns 74 to 110 of 356]
3.614200000000000159e+02 3.613500000000000227e+02 3.613000000000000114e+02 3.611800000000000068e+02 3.610799999999999841e+02 3.609900000000000091e+02 3.610199999999999818e+02 3.610899999999999750e+02 3.611700000000000159e+02 3.612500000000000000e+02 3.613100000000000023e+02 3.613600000000000136e+02 3.613799999999999955e+02 3.614100000000000250e+02 3.614300000000000068e+02 3.614700000000000273e+02 3.614599999999999795e+02 3.614399999999999977e+02 3.614599999999999795e+02 3.614700000000000273e+02 3.615000000000000000e+02 3.615000000000000000e+02 3.615099999999999909e+02 3.615400000000000205e+02 3.615600000000000023e+02 3.616100000000000136e+02 3.616499999999999773e+02 3.616800000000000068e+02 3.617300000000000182e+02 3.617900000000000205e+02 3.618299999999999841e+02 3.619100000000000250e+02 3.619800000000000182e+02 3.620899999999999750e+02 3.621499999999999773e+02 3.622200000000000273e+02 3.623100000000000023e+02
3.613100000000000023e+02 3.612300000000000182e+02 3.611600000000000250e+02 3.610799999999999841e+02 3.609800000000000182e+02 3.609200000000000159e+02 3.609100000000000250e+02 3.609800000000000182e+02 3.610899999999999750e+02 3.611700000000000159e+02 3.612200000000000273e+02 3.612699999999999818e+02 3.613000000000000114e+02 3.613299999999999841e+02 3.613799999999999955e+02 3.613700000000000045e+02 3.613999999999999773e+02 3.613799999999999955e+02 3.613799999999999955e+02 3.613700000000000045e+02 3.613999999999999773e+02 3.613999999999999773e+02 3.614300000000000068e+02 3.614499999999999886e+02 3.614499999999999886e+02 3.615000000000000000e+02 3.615299999999999727e+02 3.615799999999999841e+02 3.616299999999999955e+02 3.616800000000000068e+02 3.616999999999999886e+02 3.617799999999999727e+02 3.618500000000000227e+02 3.619300000000000068e+02 3.620099999999999909e+02 3.620799999999999841e+02 3.621800000000000068e+02
3.612099999999999795e+02 3.611499999999999773e+02 3.610699999999999932e+02 3.609900000000000091e+02 3.608999999999999773e+02 3.608100000000000023e+02 3.608000000000000114e+02 3.608999999999999773e+02 3.610199999999999818e+02 3.611100000000000136e+02 3.611800000000000068e+02 3.611999999999999886e+02 3.612900000000000205e+02 3.612799999999999727e+02 3.613100000000000023e+02 3.613199999999999932e+02 3.613100000000000023e+02 3.613299999999999841e+02 3.613199999999999932e+02 3.613100000000000023e+02 3.613299999999999841e+02 3.613299999999999841e+02 3.613399999999999750e+02 3.613700000000000045e+02 3.613899999999999864e+02 3.614100000000000250e+02 3.614499999999999886e+02 3.614800000000000182e+02 3.615199999999999818e+02 3.615600000000000023e+02 3.616100000000000136e+02 3.616600000000000250e+02 3.617300000000000182e+02 3.618199999999999932e+02 3.619100000000000250e+02 3.619599999999999795e+02 3.620500000000000114e+02
3.611399999999999864e+02 3.610600000000000023e+02 3.609900000000000091e+02 3.608700000000000045e+02 3.608100000000000023e+02 3.607099999999999795e+02 3.606999999999999886e+02 3.608399999999999750e+02 3.609499999999999886e+02 3.610600000000000023e+02 3.611100000000000136e+02 3.611600000000000250e+02 3.611999999999999886e+02 3.612400000000000091e+02 3.612599999999999909e+02 3.612599999999999909e+02 3.612599999999999909e+02 3.612900000000000205e+02 3.612699999999999818e+02 3.612699999999999818e+02 3.612900000000000205e+02 3.612799999999999727e+02 3.613000000000000114e+02 3.612900000000000205e+02 3.613199999999999932e+02 3.613299999999999841e+02 3.613799999999999955e+02 3.614200000000000159e+02 3.614599999999999795e+02 3.614700000000000273e+02 3.615199999999999818e+02 3.615899999999999750e+02 3.616499999999999773e+02 3.617400000000000091e+02 3.617900000000000205e+02 3.618600000000000136e+02 3.619499999999999886e+02
3.610099999999999909e+02 3.609399999999999977e+02 3.608600000000000136e+02 3.607500000000000000e+02 3.606499999999999773e+02 3.605799999999999841e+02 3.606299999999999955e+02 3.607300000000000182e+02 3.608399999999999750e+02 3.609499999999999886e+02 3.610299999999999727e+02 3.611000000000000227e+02 3.611200000000000045e+02 3.611800000000000068e+02 3.612099999999999795e+02 3.611999999999999886e+02 3.612200000000000273e+02 3.612200000000000273e+02 3.611899999999999977e+02 3.611999999999999886e+02 3.611899999999999977e+02 3.611999999999999886e+02 3.612300000000000182e+02 3.612099999999999795e+02 3.612300000000000182e+02 3.612799999999999727e+02 3.613199999999999932e+02 3.613399999999999750e+02 3.613700000000000045e+02 3.614100000000000250e+02 3.614300000000000068e+02 3.614900000000000091e+02 3.615699999999999932e+02 3.616399999999999864e+02 3.616999999999999886e+02 3.617599999999999909e+02 3.618399999999999750e+02
3.609300000000000068e+02 3.608399999999999750e+02 3.607599999999999909e+02 3.606399999999999864e+02 3.605299999999999727e+02 3.604599999999999795e+02 3.605299999999999727e+02 3.606800000000000068e+02 3.607900000000000205e+02 3.608799999999999955e+02 3.609700000000000273e+02 3.610400000000000205e+02 3.611000000000000227e+02 3.611299999999999955e+02 3.611399999999999864e+02 3.611499999999999773e+02 3.611499999999999773e+02 3.611499999999999773e+02 3.611499999999999773e+02 3.611499999999999773e+02 3.611499999999999773e+02 3.611499999999999773e+02 3.611499999999999773e+02 3.611499999999999773e+02 3.611700000000000159e+02 3.612099999999999795e+02 3.612300000000000182e+02 3.612699999999999818e+02 3.613000000000000114e+02 3.613199999999999932e+02 3.613500000000000227e+02 3.614200000000000159e+02 3.614599999999999795e+02 3.615600000000000023e+02 3.615899999999999750e+02 3.616700000000000159e+02 3.617300000000000182e+02
3.608299999999999841e+02 3.606999999999999886e+02 3.606299999999999955e+02 3.605099999999999909e+02 3.603999999999999773e+02 3.603299999999999841e+02 3.604599999999999795e+02 3.606200000000000045e+02 3.607099999999999795e+02 3.608199999999999932e+02 3.608999999999999773e+02 3.609900000000000091e+02 3.610600000000000023e+02 3.610899999999999750e+02 3.611200000000000045e+02 3.611399999999999864e+02 3.611100000000000136e+02 3.611200000000000045e+02 3.611200000000000045e+02 3.610899999999999750e+02 3.611000000000000227e+02 3.610799999999999841e+02 3.610799999999999841e+02 3.610799999999999841e+02 3.610899999999999750e+02 3.611399999999999864e+02 3.611700000000000159e+02 3.611800000000000068e+02 3.612099999999999795e+02 3.612500000000000000e+02 3.612799999999999727e+02 3.613399999999999750e+02 3.613899999999999864e+02 3.614800000000000182e+02 3.615199999999999818e+02 3.615699999999999932e+02 3.616399999999999864e+02
3.607099999999999795e+02 3.606200000000000045e+02 3.605000000000000000e+02 3.603799999999999955e+02 3.602200000000000273e+02 3.601899999999999977e+02 3.603700000000000045e+02 3.605299999999999727e+02 3.606399999999999864e+02 3.607599999999999909e+02 3.608399999999999750e+02 3.609200000000000159e+02 3.609800000000000182e+02 3.610500000000000114e+02 3.610699999999999932e+02 3.610799999999999841e+02 3.610799999999999841e+02 3.610699999999999932e+02 3.610600000000000023e+02 3.610500000000000114e+02 3.610199999999999818e+02 3.610299999999999727e+02 3.610400000000000205e+02 3.610299999999999727e+02 3.610199999999999818e+02 3.610500000000000114e+02 3.611000000000000227e+02 3.611100000000000136e+02 3.611299999999999955e+02 3.611499999999999773e+02 3.611899999999999977e+02 3.612400000000000091e+02 3.613299999999999841e+02 3.613899999999999864e+02 3.614700000000000273e+02 3.614900000000000091e+02 3.615600000000000023e+02
3.605600000000000023e+02 3.604700000000000273e+02 3.603600000000000136e+02 3.602400000000000091e+02 3.600799999999999841e+02 3.601100000000000136e+02 3.602799999999999727e+02 3.604599999999999795e+02 3.606200000000000045e+02 3.607200000000000273e+02 3.608100000000000023e+02 3.608999999999999773e+02 3.609499999999999886e+02 3.609900000000000091e+02 3.610099999999999909e+02 3.610400000000000205e+02 3.610199999999999818e+02 3.610299999999999727e+02 3.610199999999999818e+02 3.610000000000000000e+02 3.610000000000000000e+02 3.609700000000000273e+02 3.609599999999999795e+02 3.609499999999999886e+02 3.609700000000000273e+02 3.609800000000000182e+02 3.610099999999999909e+02 3.610299999999999727e+02 3.610600000000000023e+02 3.610899999999999750e+02 3.611299999999999955e+02 3.611999999999999886e+02 3.612400000000000091e+02 3.613100000000000023e+02 3.613500000000000227e+02 3.613999999999999773e+02 3.614499999999999886e+02
3.604300000000000068e+02 3.603399999999999750e+02 3.602599999999999909e+02 3.601000000000000227e+02 3.599300000000000068e+02 3.599800000000000182e+02 3.601800000000000068e+02 3.604100000000000250e+02 3.605600000000000023e+02 3.606800000000000068e+02 3.607599999999999909e+02 3.608500000000000227e+02 3.609399999999999977e+02 3.609599999999999795e+02 3.610000000000000000e+02 3.609700000000000273e+02 3.610000000000000000e+02 3.609800000000000182e+02 3.609800000000000182e+02 3.609499999999999886e+02 3.609499999999999886e+02 3.609200000000000159e+02 3.609100000000000250e+02 3.609100000000000250e+02 3.609200000000000159e+02 3.609499999999999886e+02 3.609599999999999795e+02 3.610199999999999818e+02 3.610500000000000114e+02 3.610400000000000205e+02 3.610799999999999841e+02 3.611399999999999864e+02 3.611700000000000159e+02 3.612200000000000273e+02 3.612599999999999909e+02 3.613199999999999932e+02 3.613899999999999864e+02
3.602500000000000000e+02 3.601600000000000250e+02 3.600600000000000023e+02 3.599499999999999886e+02 3.598199999999999932e+02 3.598899999999999864e+02 3.601000000000000227e+02 3.602900000000000205e+02 3.604300000000000068e+02 3.605799999999999841e+02 3.606999999999999886e+02 3.608100000000000023e+02 3.608700000000000045e+02 3.609100000000000250e+02 3.609200000000000159e+02 3.609399999999999977e+02 3.609499999999999886e+02 3.609399999999999977e+02 3.609300000000000068e+02 3.609200000000000159e+02 3.608899999999999864e+02 3.608500000000000227e+02 3.608399999999999750e+02 3.608399999999999750e+02 3.608299999999999841e+02 3.608299999999999841e+02 3.608799999999999955e+02 3.608999999999999773e+02 3.609599999999999795e+02 3.609800000000000182e+02 3.610199999999999818e+02 3.610500000000000114e+02 3.611299999999999955e+02 3.611700000000000159e+02 3.612099999999999795e+02 3.612200000000000273e+02 3.612699999999999818e+02
3.600799999999999841e+02 3.599700000000000273e+02 3.598600000000000136e+02 3.598000000000000114e+02 3.597200000000000273e+02 3.597900000000000205e+02 3.600400000000000205e+02 3.602300000000000182e+02 3.603700000000000045e+02 3.605299999999999727e+02 3.606399999999999864e+02 3.607200000000000273e+02 3.608100000000000023e+02 3.608600000000000136e+02 3.608799999999999955e+02 3.609100000000000250e+02 3.609200000000000159e+02 3.608999999999999773e+02 3.608600000000000136e+02 3.608500000000000227e+02 3.608299999999999841e+02 3.608100000000000023e+02 3.607799999999999727e+02 3.607599999999999909e+02 3.607500000000000000e+02 3.607900000000000205e+02 3.608100000000000023e+02 3.608299999999999841e+02 3.608600000000000136e+02 3.609100000000000250e+02 3.609499999999999886e+02 3.609700000000000273e+02 3.610199999999999818e+02 3.610799999999999841e+02 3.610899999999999750e+02 3.611299999999999955e+02 3.611600000000000250e+02
3.598999999999999773e+02 3.598199999999999932e+02 3.597200000000000273e+02 3.596499999999999773e+02 3.596100000000000136e+02 3.597500000000000000e+02 3.599499999999999886e+02 3.601700000000000159e+02 3.603299999999999841e+02 3.604700000000000273e+02 3.605899999999999750e+02 3.606600000000000250e+02 3.607400000000000091e+02 3.608000000000000114e+02 3.608399999999999750e+02 3.608500000000000227e+02 3.608399999999999750e+02 3.608700000000000045e+02 3.608500000000000227e+02 3.608100000000000023e+02 3.607699999999999818e+02 3.607500000000000000e+02 3.607300000000000182e+02 3.606899999999999977e+02 3.607200000000000273e+02 3.607300000000000182e+02 3.607599999999999909e+02 3.607900000000000205e+02 3.608100000000000023e+02 3.608700000000000045e+02 3.608799999999999955e+02 3.609100000000000250e+02 3.609700000000000273e+02 3.609800000000000182e+02 3.610299999999999727e+02 3.610400000000000205e+02 3.610500000000000114e+02
3.597400000000000091e+02 3.596600000000000250e+02 3.595799999999999841e+02 3.595400000000000205e+02 3.596100000000000136e+02 3.597400000000000091e+02 3.599100000000000250e+02 3.600899999999999750e+02 3.602500000000000000e+02 3.603600000000000136e+02 3.604900000000000091e+02 3.605899999999999750e+02 3.606399999999999864e+02 3.607400000000000091e+02 3.607500000000000000e+02 3.607599999999999909e+02 3.607900000000000205e+02 3.607599999999999909e+02 3.607500000000000000e+02 3.607500000000000000e+02 3.607400000000000091e+02 3.606999999999999886e+02 3.606700000000000159e+02 3.606499999999999773e+02 3.606399999999999864e+02 3.606499999999999773e+02 3.606899999999999977e+02 3.607099999999999795e+02 3.607400000000000091e+02 3.607599999999999909e+02 3.608100000000000023e+02 3.608700000000000045e+02 3.608999999999999773e+02 3.609399999999999977e+02 3.609599999999999795e+02 3.609700000000000273e+02 3.609700000000000273e+02
3.595799999999999841e+02 3.595000000000000000e+02 3.594599999999999795e+02 3.594300000000000068e+02 3.595600000000000023e+02 3.597300000000000182e+02 3.598999999999999773e+02 3.600600000000000023e+02 3.601800000000000068e+02 3.603199999999999932e+02 3.604100000000000250e+02 3.605099999999999909e+02 3.605600000000000023e+02 3.606299999999999955e+02 3.606600000000000250e+02 3.606800000000000068e+02 3.606999999999999886e+02 3.606899999999999977e+02 3.606800000000000068e+02 3.606700000000000159e+02 3.606499999999999773e+02 3.606299999999999955e+02 3.605899999999999750e+02 3.605600000000000023e+02 3.605500000000000114e+02 3.606000000000000227e+02 3.606000000000000227e+02 3.606499999999999773e+02 3.606899999999999977e+02 3.607400000000000091e+02 3.607599999999999909e+02 3.608100000000000023e+02 3.608399999999999750e+02 3.608500000000000227e+02 3.608600000000000136e+02 3.608600000000000136e+02 3.608799999999999955e+02
3.594599999999999795e+02 3.594100000000000250e+02 3.593600000000000136e+02 3.594399999999999977e+02 3.595000000000000000e+02 3.596600000000000250e+02 3.598299999999999841e+02 3.599599999999999795e+02 3.600899999999999750e+02 3.602099999999999795e+02 3.602900000000000205e+02 3.603700000000000045e+02 3.604700000000000273e+02 3.604900000000000091e+02 3.605699999999999932e+02 3.606000000000000227e+02 3.606299999999999955e+02 3.606299999999999955e+02 3.606100000000000136e+02 3.605899999999999750e+02 3.606000000000000227e+02 3.605500000000000114e+02 3.605000000000000000e+02 3.604900000000000091e+02 3.604900000000000091e+02 3.605099999999999909e+02 3.605400000000000205e+02 3.605899999999999750e+02 3.606499999999999773e+02 3.606999999999999886e+02 3.607400000000000091e+02 3.607699999999999818e+02 3.607900000000000205e+02 3.608000000000000114e+02 3.608000000000000114e+02 3.608000000000000114e+02 3.607900000000000205e+02
3.593399999999999750e+02 3.593100000000000023e+02 3.593299999999999841e+02 3.593899999999999864e+02 3.594900000000000091e+02 3.595699999999999932e+02 3.597200000000000273e+02 3.598500000000000227e+02 3.599200000000000159e+02 3.600400000000000205e+02 3.601600000000000250e+02 3.602200000000000273e+02 3.603000000000000114e+02 3.603600000000000136e+02 3.604100000000000250e+02 3.604599999999999795e+02 3.604800000000000182e+02 3.605099999999999909e+02 3.605099999999999909e+02 3.605000000000000000e+02 3.604900000000000091e+02 3.604599999999999795e+02 3.604200000000000159e+02 3.603799999999999955e+02 3.603899999999999864e+02 3.604200000000000159e+02 3.604499999999999886e+02 3.605199999999999818e+02 3.605699999999999932e+02 3.606200000000000045e+02 3.606800000000000068e+02 3.607200000000000273e+02 3.607200000000000273e+02 3.607200000000000273e+02 3.607300000000000182e+02 3.607099999999999795e+02 3.606800000000000068e+02
