SOC_LEM/input/stinson_SOCI.txt
ncols         356
nrows         258
xllcorner     391312.9646857
yllcorner     4765958.4027697
cellsize      3
NODATA_value  -9999
[rows 51 to 67 of 258, columns 0 to 36 of 356]
6.887553133439630493e+00 7.025520168052655556e+00 7.232670783772157996e+00 7.465468799614105144e+00 7.604692989988110163e+00 7.674576335892877132e+00 7.849152026348611422e+00 8.158650614061322415e+00 8.452810306891215930e+00 8.864782863273497071e+00 9.155818947116788564e+00 9.005790060775854755e+00 8.549883793184289260e+00 8.105845249975409672e+00 7.756451655819405211e+00 7.408315584741656856e+00 7.217402558272870472e+00 7.095617216025776663e+00 6.872007909296210748e+00 6.588308306602470132e+00 6.353915496258669471e+00 6.239512695305548640e+00 6.172367040809592531e+00 6.071902056277090232e+00 5.863052915814255250e+00 5.501789744128788406e+00 5.122702092331748780e+00 4.977270327244586845e+00 4.952655291874184407e+00 4.828779909534630654e+00 4.740403914012351727e+00 4.700023425220396511e+00 4.681810387883792224e+00 4.661311915750478541e+00 4.656251805443905489e+00 4.680954981380804902e+00 4.723255600533112109e+00
6.825823468201602573e+00 6.987912238934161913e+00 7.247746574481767290e+00 7.496698436880302019e+00 7.601985075828133098e+00 7.688449797278164688e+00 7.937486431462699166e+00 8.294360989831801589e+00 8.622205824386387718e+00 9.009915723220803585e+00 9.172876898201401730e+00 8.813352084630896144e+00 8.247435703898350567e+00 7.893347834786932360e+00 7.623887111767342795e+00 7.250819572013452508e+00 6.928785204805753217e+00 6.689610501503719497e+00 6.485331945931545938e+00 6.314965916870533214e+00 6.163434061865236124e+00 6.044908213906890815e+00 5.963645216308147035e+00 5.849956604932695647e+00 5.622785310144633009e+00 5.356875624818452586e+00 5.130116286843743545e+00 4.976338747650374650e+00 4.896222461655686864e+00 4.817448307064638335e+00 4.759654209148634685e+00 4.733704947660991813e+00 4.734374757245210397e+00 4.743338113812948897e+00 4.765915659375344227e+00 4.816579426015736409e+00 4.852934981009338067e+00
6.846094426175288739e+00 6.958628844112175749e+00 7.189842662937988571e+00 7.407742248091586212e+00 7.537906275896788522e+00 7.667769691722786440e+00 7.921049209873426200e+00 8.272305225947167884e+00 8.656814667743180536e+00 8.949264534251195613e+00 8.868896135190198038e+00 8.385465083870531799e+00 7.826275377967973235e+00 7.509307301435890203e+00 7.341399457246695626e+00 7.083892015070216708e+00 6.744068090517910896e+00 6.490937020496478915e+00 6.235529908868291393e+00 6.044011162383102764e+00 5.991545880086285969e+00 5.933076781978241065e+00 5.820426663465336325e+00 5.667827887269246467e+00 5.505341260086953348e+00 5.370942702482738973e+00 5.214041707289989169e+00 5.011606200342863637e+00 4.910922511599246754e+00 4.873656439124968820e+00 4.825658116194596836e+00 4.793063154438310214e+00 4.814528560045626016e+00 4.860263093646534749e+00 4.899046902853897656e+00 4.934664626421153777e+00 4.953623834105296275e+00
6.927498815538759125e+00 7.044157157180017670e+00 7.234893211122979118e+00 7.387069381660507084e+00 7.514423137296476263e+00 7.694878961489179936e+00 8.005454118130348462e+00 8.447060861399315002e+00 8.870603095648675662e+00 8.943509415814062891e+00 8.558842679018983546e+00 8.010331902435794404e+00 7.599673369771495324e+00 7.335570704194616987e+00 7.110105993500005717e+00 6.815641676017528461e+00 6.537698937104299723e+00 6.371459473073818991e+00 6.136769484358747029e+00 5.994433047972859363e+00 5.971081012715356628e+00 5.834648470098669826e+00 5.659334405166659643e+00 5.455731089911117770e+00 5.301027960235464853e+00 5.251134598248925478e+00 5.152118273890176958e+00 4.997881455449985744e+00 4.941087436134186994e+00 4.911111973098038597e+00 4.842140779403055539e+00 4.796945899875841413e+00 4.882873851698865231e+00 4.981112682783304102e+00 5.052651729593878649e+00 5.124459656202852820e+00 5.136331846110802068e+00
6.961858442724579099e+00 7.091209900274697553e+00 7.269125147149341437e+00 7.409490632750750372e+00 7.578203223160685731e+00 7.839448172950040039e+00 8.242191040165128157e+00 8.733360275463205369e+00 9.089599178859938178e+00 9.027277707999015632e+00 8.531224747181511248e+00 7.884457766820907487e+00 7.398660693508941399e+00 7.093407181382873183e+00 6.809657034531139352e+00 6.472973961899067596e+00 6.224563862629133304e+00 6.093639786242619927e+00 5.934962722576591965e+00 5.891886427800218762e+00 5.826277562035202529e+00 5.578023530140840514e+00 5.433260413877166961e+00 5.345432531608975246e+00 5.254653119657761273e+00 5.183443215502674839e+00 5.038227739061052368e+00 4.954979806632095141e+00 5.042326301349656426e+00 5.062486467803846146e+00 4.941650808384275173e+00 4.842820026615243911e+00 4.941137944967096907e+00 5.074099068583625360e+00 5.176810089786568092e+00 5.261791463161828553e+00 5.294721784213787252e+00
6.958681132169222572e+00 7.074734417971551004e+00 7.268473644750160112e+00 7.488363573642087268e+00 7.776693075076505757e+00 8.153303361890831269e+00 8.610429917611430284e+00 9.004947489427099327e+00 9.136377170818740012e+00 8.955218540401325811e+00 8.417929428139995451e+00 7.682285101100922553e+00 7.116318932866117386e+00 6.800748262229581620e+00 6.573691218680042248e+00 6.283978279528626310e+00 6.005184074813217698e+00 5.814497552987023532e+00 5.676141128032836214e+00 5.600769531693816639e+00 5.510228227623971797e+00 5.370302490373785709e+00 5.302089181357804826e+00 5.271085314030204749e+00 5.275083066157242762e+00 5.256455652497526110e+00 5.129027834281916221e+00 5.138386711655493322e+00 5.252592524226614934e+00 5.217896442445593586e+00 5.086922861101938587e+00 4.966758262879459984e+00 5.014927097742181594e+00 5.169713846853754013e+00 5.307529538910348954e+00 5.370627341869968596e+00 5.389752627843042099e+00
6.941567602275207527e+00 7.028143694896237470e+00 7.338892796477535008e+00 7.783514006288227982e+00 8.192271205374030529e+00 8.567471567646872899e+00 8.942097048653700142e+00 9.152330454562065398e+00 9.012680310642799952e+00 8.623475635663986338e+00 7.996990799195883959e+00 7.317229075090406987e+00 6.843753231457873731e+00 6.548176573661968369e+00 6.294141520116025568e+00 6.004339567620996299e+00 5.767626671968071328e+00 5.604666181717342432e+00 5.479890934728868679e+00 5.381575102638936237e+00 5.371937940138033163e+00 5.338979619968337254e+00 5.223052241017307473e+00 5.115668702862328665e+00 5.131140490006067090e+00 5.174375687049068695e+00 5.136132783803122770e+00 5.219903375311448990e+00 5.275284231417800562e+00 5.164713910627551918e+00 5.084522477197988444e+00 5.047691466854074882e+00 5.125080292071635846e+00 5.291616370656366364e+00 5.431084751005360367e+00 5.447311007398186966e+00 5.406564803936002583e+00
6.947073903386985272e+00 7.035592294215319065e+00 7.432194514474390168e+00 8.022905356660519516e+00 8.526565916590360672e+00 8.821798056856255954e+00 9.028923690704559135e+00 9.019096216000214383e+00 8.663194299277609645e+00 8.120155009775853472e+00 7.473687087069634138e+00 6.930472834598771392e+00 6.578647587186140733e+00 6.283632053064750700e+00 5.997698708011436786e+00 5.732633927141873365e+00 5.562949907505362113e+00 5.463859668652712109e+00 5.362278831508731081e+00 5.276242407033921999e+00 5.296192800384338817e+00 5.286596049777490869e+00 5.164014773657410906e+00 5.079639038411564833e+00 5.117815933520385663e+00 5.112435301608052818e+00 5.028409954361552359e+00 5.050868884480709475e+00 5.074400348553486317e+00 5.047471129172431681e+00 5.047045046535113322e+00 5.093305875237843061e+00 5.209844458708638548e+00 5.324971273989906884e+00 5.318507584246662923e+00 5.235407076961277717e+00 5.265024174966757009e+00
7.084494805189765820e+00 7.255832167513307063e+00 7.605818217191099073e+00 8.091701743819388781e+00 8.552498987536854003e+00 8.864151099985562610e+00 8.977826527825421010e+00 8.725290824919859745e+00 8.222805748830225525e+00 7.696192437287218802e+00 7.134790238953548247e+00 6.665083966387455483e+00 6.336961886743401884e+00 6.068623593659837390e+00 5.825690123707366830e+00 5.584706731757683507e+00 5.399268531282717554e+00 5.333369743845360667e+00 5.251188407196416996e+00 5.144467891979565444e+00 5.095336732508337185e+00 5.084837730024868385e+00 5.038625479227959225e+00 5.012387268163213783e+00 5.071102695185175868e+00 5.026613124505916907e+00 4.907304806393203656e+00 4.892597020677899700e+00 4.910905326097496193e+00 4.934470817955411981e+00 4.979289262621310108e+00 5.059512787367951070e+00 5.161203044554112829e+00 5.266885453866369637e+00 5.267720525471074389e+00 5.161827742401606578e+00 5.243551221517143368e+00
7.330415343434148134e+00 7.564836819480235341e+00 7.850482260713170568e+00 8.184351701871605655e+00 8.588268186235342938e+00 8.948198653605647479e+00 8.924479375151275207e+00 8.410666794787527323e+00 7.809723108544983639e+00 7.363438011192450894e+00 6.943807115791288176e+00 6.519394203750288774e+00 6.218277171301807904e+00 6.002444420869772479e+00 5.735141830748239578e+00 5.492577541972054611e+00 5.345016744923241525e+00 5.277497863096567876e+00 5.143412806802913018e+00 4.990863506154988194e+00 4.896806746112782882e+00 4.866531701092092099e+00 4.897697107423071294e+00 4.920467528057378637e+00 4.949673648729130626e+00 4.976766882994231089e+00 4.919912426962514296e+00 4.843494971903637314e+00 4.818939398880366376e+00 4.841032571735182977e+00 4.899868624913737314e+00 4.966531421791018808e+00 5.040158093830195973e+00 5.179553599789957552e+00 5.299719638837438573e+00 5.311409138307735311e+00 5.387927100049709317e+00
7.623094076179975254e+00 7.793019052609310826e+00 8.114946620749993400e+00 8.489796258657534622e+00 8.772392860055266084e+00 8.979762669928160079e+00 8.775023894562647087e+00 8.063657872632479240e+00 7.381065899171525224e+00 6.984445696609152598e+00 6.736027714543902256e+00 6.444105296143301409e+00 6.252627223962389458e+00 6.043378975868127334e+00 5.698423396702673394e+00 5.454983676885345467e+00 5.343712527239456556e+00 5.275293360074061688e+00 5.140917399335864779e+00 4.998927181409302811e+00 4.881242639106171843e+00 4.816382517184078615e+00 4.867946572597024790e+00 4.877062718524627805e+00 4.848385890466199832e+00 4.898044570997631020e+00 4.881067224432711349e+00 4.822803947825632598e+00 4.800174600187784968e+00 4.815190854790469821e+00 4.855026490710518949e+00 4.897283307293970545e+00 4.965955286113239886e+00 5.091669265959699153e+00 5.266197296949235884e+00 5.407919469964363124e+00 5.539727519845103920e+00
8.160804262122727692e+00 8.155375530043336596e+00 8.273760069758345992e+00 8.584734100551074221e+00 8.771989774780529103e+00 8.668105855961393047e+00 8.223762053208126588e+00 7.560640259890134551e+00 7.000521946890912339e+00 6.620438700689383005e+00 6.444906606712074826e+00 6.324729084004192536e+00 6.169806590701795379e+00 5.897480924316050199e+00 5.573348801245361805e+00 5.387857154132679405e+00 5.263275843365158302e+00 5.200402013978830063e+00 5.154430039921558127e+00 5.059811943697691383e+00 4.981178970513927773e+00 4.931051403608324613e+00 4.920809244867968779e+00 4.922557734291669540e+00 4.940483888921419542e+00 4.940292781498476948e+00 4.864872085280674163e+00 4.858783153839394409e+00 4.859837521113363756e+00 4.814856783968980203e+00 4.857985406793152272e+00 4.933054704686994363e+00 4.991949803708460642e+00 5.066563627932025859e+00 5.239591240788125326e+00 5.453827450379784558e+00 5.652200212147584502e+00
8.454086133359911770e+00 8.404978416557852938e+00 8.273037152698531571e+00 8.384455346713266977e+00 8.615207345347332790e+00 8.407651986216730933e+00 7.810549682846205322e+00 7.181430317998056090e+00 6.718857537251254008e+00 6.292269865566189502e+00 6.095333448221711414e+00 6.080725143013190781e+00 5.943651992086965485e+00 5.664740973511212196e+00 5.415750060772048791e+00 5.282668752171411519e+00 5.153449754866929133e+00 5.116108415250852026e+00 5.123656234248954000e+00 5.074202714468319719e+00 5.060455805510957639e+00 5.060390462804451595e+00 5.057463332020492253e+00 5.091091813127021304e+00 5.124212613149096818e+00 5.072621005836860597e+00 4.933294347440141614e+00 4.872715480580688485e+00 4.857069609297009372e+00 4.858310219486916104e+00 4.950967094325956275e+00 5.041578806559882331e+00 5.064126599780615301e+00 5.099267272899834502e+00 5.250537347174772940e+00 5.475202597525199444e+00 5.702212439370954122e+00
8.623249809397854904e+00 8.667683260512227150e+00 8.668188941341792741e+00 8.808907960546537907e+00 8.723912447392610403e+00 8.131864234276989123e+00 7.507698573084421234e+00 6.882077737717888333e+00 6.407659119074987863e+00 6.090435054257576475e+00 5.959070899780740227e+00 5.919754667916623525e+00 5.780984514467202295e+00 5.578395373245190747e+00 5.410678635333749931e+00 5.261231750030609611e+00 5.082498977967163434e+00 5.016235685510193498e+00 5.036621053122003921e+00 5.058662821588259639e+00 5.091371441761819661e+00 5.113507326758406357e+00 5.156972458125154368e+00 5.191739337516081854e+00 5.121913397489385567e+00 5.023352270415023746e+00 4.937500098077504340e+00 4.887783638218317073e+00 4.916658880030870371e+00 4.984573675106363844e+00 5.031995931977227166e+00 5.052063469358182068e+00 5.035153530627893836e+00 5.094766237301734613e+00 5.281610116481890493e+00 5.477228210351177573e+00 5.696094786169795476e+00
8.754487123392941328e+00 8.638822304500468618e+00 8.649448524265430649e+00 8.764706545617922728e+00 8.388703337600212251e+00 7.665702298389908798e+00 7.199224820620346854e+00 6.676663510620405084e+00 6.220062548524048829e+00 6.000748285992503206e+00 5.926300727657877410e+00 5.853813992956374612e+00 5.667326520823649183e+00 5.461112750261434279e+00 5.335677703612559775e+00 5.220327087087992091e+00 5.045135412287877763e+00 4.937831636430673576e+00 4.962706315237887189e+00 5.003638657557140768e+00 5.022542326553641523e+00 5.093671328078786864e+00 5.168518627442675317e+00 5.191174085687289441e+00 5.108750074533065622e+00 5.012855948900168279e+00 4.953574079066185298e+00 4.959296967836746894e+00 5.045224757370442070e+00 5.078309731406702277e+00 5.064364417765546911e+00 5.067352668345832534e+00 5.039097179964399764e+00 5.138737673555215046e+00 5.363894375295857664e+00 5.548302250109245826e+00 5.806420554808881640e+00
8.756427532140627079e+00 8.583623017266720723e+00 8.472960600455483160e+00 8.238498298751924409e+00 7.734155014597280164e+00 7.184919417761480354e+00 6.799903995026149950e+00 6.368926679433470461e+00 6.029577709510593131e+00 5.855741050431213957e+00 5.780166881617460284e+00 5.742535057357582851e+00 5.585933725337453915e+00 5.344896943555411006e+00 5.201583409001062641e+00 5.159121601673750668e+00 5.080552327451699490e+00 4.962592982804740593e+00 4.959009315294649944e+00 4.956003267849106386e+00 4.981254571224998706e+00 5.131846921844048559e+00 5.234561304043462648e+00 5.221117849170291869e+00 5.122347550671592309e+00 5.012097358724385110e+00 4.965344093823561344e+00 5.012572255723278580e+00 5.119539747808214081e+00 5.162984534232363920e+00 5.162438904313165544e+00 5.181468241225304361e+00 5.222476645755881997e+00 5.399547805144451651e+00 5.630464173893082069e+00 5.795410853444111332e+00 6.069315908660017023e+00
8.789864506700645563e+00 8.677455760878871160e+00 8.417780095132659568e+00 7.887709260452928639e+00 7.346156602975450589e+00 6.872189461393991117e+00 6.482001604071995438e+00 6.112246805413980688e+00 5.858674204712582601e+00 5.738775341038578226e+00 5.681219960816867420e+00 5.643001642040807120e+00 5.490647660071847902e+00 5.243252198601816794e+00 5.077073669954750734e+00 5.043551302664476488e+00 5.044911726485175940e+00 4.995604362103576612e+00 4.986421152709421101e+00 5.043840035446039316e+00 5.097262018501809600e+00 5.165629487784630491e+00 5.221325454588215287e+00 5.200630295112634194e+00 5.086059883715882357e+00 4.979642389702761740e+00 5.018097119863901945e+00 5.096386770332927973e+00 5.160214180391588634e+00 5.236235320896910572e+00 5.265392921082400868e+00 5.256198236000382273e+00 5.333782363916211189e+00 5.573459051659409802e+00 5.834732421901009936e+00 6.024248928497136113e+00 6.245054647295559924e+00
