SOC_LEM/input/stinson_NDVI.txt
ncols         356
nrows         258
xllcorner     391312.9646857
yllcorner     4765958.4027697
cellsize      3
NODATA_value  -9999
[rows 224 to 239 of 258, columns 0 to 36 of 356]
-9.750135795763174851e-02 -9.883247352701603206e-02 -9.559120938384794985e-02 -8.835717150113620022e-02 -7.969563476171406813e-02 -7.700492086713661699e-02 -7.941099132264003990e-02 -8.319229267022516805e-02 -9.128684586417346036e-02 -9.571129707112965845e-02 -8.917703096057155721e-02 -8.080808080808081495e-02 -7.851458885941646482e-02 -7.718832891246686645e-02 -7.304045934036586252e-02 -7.226483649576098678e-02 -7.819487735465506517e-02 -8.258135083401697829e-02 -8.099173553719010710e-02 -8.318487049472388095e-02 -8.925910876337532496e-02 -8.864488484199248286e-02 -7.932310946589107847e-02 -6.782106782106782361e-02 -6.416480776800945196e-02 -6.928345626975762617e-02 -7.095578501456187293e-02 -7.503302509907532059e-02 -8.239602406487052388e-02 -8.391790075344239541e-02 -8.732103701792846839e-02 -9.011328527291453949e-02 -8.529525279814736960e-02 -7.870017771007876972e-02 -7.375000000000000999e-02 -7.366574793284892675e-02 -7.998469192499049751e-02
-9.791069233920521309e-02 -8.998628257887517079e-02 -8.493524199045672518e-02 -8.364611260053619879e-02 -7.800851970181045536e-02 -7.434052757793768729e-02 -7.798225870515028413e-02 -8.791639451338992273e-02 -9.755149630781195791e-02 -9.734513274336278887e-02 -8.616600790513832819e-02 -7.451188736884051256e-02 -7.037381934282292695e-02 -7.065868263473053246e-02 -6.727175654030967400e-02 -6.684563758389262811e-02 -7.883369330453560142e-02 -9.386869234943030771e-02 -9.848794442174092778e-02 -9.647571098108584375e-02 -9.475396502643354535e-02 -9.200643776824038444e-02 -8.505018489170627916e-02 -7.468933943754084426e-02 -6.844305120167187839e-02 -6.959706959706958573e-02 -7.408376963350782329e-02 -8.018867924528302882e-02 -8.194133894515323591e-02 -7.947368421052633525e-02 -8.261886204208879203e-02 -8.724659994867850488e-02 -8.579429735234220256e-02 -7.990925132341819559e-02 -7.331085300362184809e-02 -7.130347760820618386e-02 -7.998990663638663734e-02
-9.427240339819126236e-02 -9.056192034915439004e-02 -8.796736913664174318e-02 -8.767676767676772787e-02 -8.441471571906354610e-02 -7.782987273945074502e-02 -7.950459448661607864e-02 -8.983606557377046831e-02 -9.572671775555262330e-02 -9.050599895670315143e-02 -7.619173379109998867e-02 -6.427145708582836237e-02 -6.316631130063968258e-02 -6.864316239316239909e-02 -7.257632565613282571e-02 -7.659231389411445823e-02 -8.806473364801084558e-02 -1.006365975890559511e-01 -1.043478260869565161e-01 -1.013191894464844367e-01 -9.692349578001631383e-02 -9.390178089584461096e-02 -9.069180719691936898e-02 -8.381502890173410381e-02 -7.704381948986262219e-02 -7.385177453027137739e-02 -7.738327480816747928e-02 -8.485163977095262766e-02 -8.321283028789272507e-02 -7.916885849552868226e-02 -8.430007733952042670e-02 -8.862366683595736261e-02 -8.755992934645473458e-02 -8.270487682252386508e-02 -7.822832189644417233e-02 -7.629427792915531581e-02 -7.978788999876679222e-02
-9.292763157894735893e-02 -9.162588363240890821e-02 -9.145427286356820618e-02 -9.023991275899673203e-02 -8.644320803365450334e-02 -8.148947652455473811e-02 -8.245356140585327620e-02 -8.812664907651712731e-02 -9.052851909994764912e-02 -8.356290174471991961e-02 -6.847133757961783307e-02 -5.828998265973053122e-02 -6.109925293489863740e-02 -6.953020134228188320e-02 -7.980083434261872610e-02 -8.669273291088042122e-02 -9.346679291221429708e-02 -1.022450635650527517e-01 -1.014727739494662995e-01 -9.427837143243611440e-02 -9.135200974421441023e-02 -9.340511440107675256e-02 -9.459099387156937044e-02 -8.939654034068399147e-02 -8.161130002615747669e-02 -7.255438322261298367e-02 -7.130752183548427769e-02 -8.013573479509261688e-02 -8.325709057639524291e-02 -7.921304685477603691e-02 -7.850088630032926729e-02 -8.107432854465958239e-02 -8.480917934647042022e-02 -8.664169787765289843e-02 -8.308531746031744269e-02 -7.596482657547626305e-02 -7.115291847563913474e-02
-9.465248030952050362e-02 -9.202958093672965190e-02 -8.869088416723783230e-02 -8.578498762716525727e-02 -8.458800985491378432e-02 -8.405639913232106075e-02 -8.328855454056958985e-02 -8.338874850379039694e-02 -8.226594480390862774e-02 -7.785855915399869653e-02 -7.131452900478976731e-02 -6.835443037974683889e-02 -6.921432389096739135e-02 -7.125506072874493446e-02 -8.019506908696825975e-02 -8.504558443325624384e-02 -8.904670854957662252e-02 -9.673043006376341735e-02 -9.120345385860770260e-02 -8.326618318560301268e-02 -8.560727661851257053e-02 -9.183400267737613920e-02 -9.586114819759682104e-02 -9.420961971644357946e-02 -8.816978907375866426e-02 -7.958387516254872285e-02 -7.572412001558641304e-02 -8.343064746334495629e-02 -8.814432989690713927e-02 -7.596386308690680766e-02 -6.393606393606399152e-02 -6.697915381768840271e-02 -7.751362060425953660e-02 -8.305316897024030143e-02 -8.053940368674995798e-02 -7.247784387519724814e-02 -6.470517880636281194e-02
-9.426573426573431336e-02 -8.620451086204511393e-02 -7.914262159934051799e-02 -7.477403451109290722e-02 -7.428104129753303198e-02 -7.542315504400810833e-02 -7.667430265462872596e-02 -7.838670775827412396e-02 -7.796700372538586943e-02 -7.780138077535848906e-02 -7.841831979763015659e-02 -8.040468583599574837e-02 -7.967436273855599271e-02 -7.706792199058504211e-02 -8.024858146446901819e-02 -8.192705498094722538e-02 -8.508891928864570353e-02 -8.652404959803788875e-02 -7.481702358362697647e-02 -6.836803223640026961e-02 -7.432703897147446837e-02 -8.551389263555436715e-02 -9.844002151694461467e-02 -1.012793176972281578e-01 -9.725882973115440588e-02 -9.218749999999996392e-02 -8.437782659258295792e-02 -8.419838523644757045e-02 -8.323831242873437619e-02 -6.445533358462122997e-02 -4.915191283892539342e-02 -5.669156360964860975e-02 -7.217004448838361397e-02 -7.963055416874686987e-02 -7.617985878855444704e-02 -6.878563629746449470e-02 -6.296384965286085100e-02
-9.311170587406675248e-02 -8.041179744017803999e-02 -6.851572154332000175e-02 -6.252554147936245643e-02 -6.177868295994571463e-02 -6.294842290510357929e-02 -7.077255537547270936e-02 -8.041014570965997199e-02 -8.255892255892251230e-02 -8.176943699731903381e-02 -7.978580990629184633e-02 -7.733619763694948857e-02 -7.663350363000803744e-02 -7.655051796044662349e-02 -7.914251044896855602e-02 -8.473199783432594501e-02 -8.910622113556099233e-02 -8.422623084226232848e-02 -7.004993926305844165e-02 -6.269297892334543820e-02 -6.522911051212938738e-02 -7.740358500814771558e-02 -9.383016065883627299e-02 -9.398951189995968791e-02 -9.450080085424449050e-02 -9.950378688952724038e-02 -8.895155088438864988e-02 -7.450184033506798698e-02 -6.683417085427140192e-02 -6.020812685827552774e-02 -5.299228980540941075e-02 -5.753291077523161462e-02 -6.951608941292063137e-02 -7.671402100061766594e-02 -7.445112228627499829e-02 -6.535947712418299638e-02 -5.767844268204754682e-02
-9.168081494057724046e-02 -7.998319092309844058e-02 -6.801496052084778088e-02 -6.059775157663831180e-02 -5.749626206334101930e-02 -5.909398242055446254e-02 -7.322345312077815915e-02 -8.863852314374914831e-02 -8.884946089804832137e-02 -8.213608023854705731e-02 -7.787325456498385423e-02 -7.587131367292222761e-02 -7.669576897246471736e-02 -7.748184019370457642e-02 -7.864260705628868531e-02 -8.385009436505791447e-02 -8.909556544008631618e-02 -8.456375838926173671e-02 -7.032085561497325443e-02 -6.071142016581976969e-02 -6.664878637521792770e-02 -8.154506437768241356e-02 -8.841544607190410243e-02 -7.822410147991544493e-02 -7.603867258949564834e-02 -8.660005124263391030e-02 -8.673726676752399611e-02 -7.506234413965087726e-02 -6.843919251600194542e-02 -6.700655498907499841e-02 -5.993233446109232088e-02 -6.049993962081874621e-02 -6.818181818181816289e-02 -7.109924775539915032e-02 -6.522268191774154011e-02 -5.639280505590667930e-02 -5.120116476583352200e-02
-9.233176838810640275e-02 -8.244944138028570402e-02 -7.317073170731706877e-02 -6.635268042665190547e-02 -6.144792664568219515e-02 -6.373148525614895366e-02 -8.007600434310535586e-02 -9.592031655068901375e-02 -9.454645108248833918e-02 -8.323150033944333448e-02 -7.648953301127212057e-02 -7.665598290598288345e-02 -8.052434456928840578e-02 -8.354498061756449045e-02 -8.248798718633208737e-02 -8.064085447263018291e-02 -8.090097294415568574e-02 -7.828851503510400600e-02 -6.805867582925861914e-02 -6.239236985031125504e-02 -7.415254237288139427e-02 -8.494310664196877414e-02 -8.022510142651487208e-02 -6.690546245362670452e-02 -6.268882175226581088e-02 -7.212622088655148977e-02 -8.313539192399048428e-02 -8.480871610746562594e-02 -8.036474164133732001e-02 -7.219956824178457022e-02 -6.116574718157826579e-02 -5.951523878089748365e-02 -6.165449539087747982e-02 -5.967276227141477679e-02 -5.306718597857841557e-02 -4.952916717622604659e-02 -4.998166931443240313e-02
-8.880639634494574830e-02 -8.120450977593837716e-02 -7.537546047038826136e-02 -7.046183898423329095e-02 -6.540258312723271072e-02 -6.677613574165293386e-02 -7.937818131792546972e-02 -9.141121237227284313e-02 -9.120879120879120394e-02 -8.211382113821140416e-02 -7.704676403591045886e-02 -8.006405124099280624e-02 -8.717675286590241546e-02 -9.061960992437306794e-02 -8.587257617728530357e-02 -7.523759239704332080e-02 -6.705462240444386157e-02 -6.550907655880032487e-02 -6.553524804177546237e-02 -6.925785835398459711e-02 -7.909900471451022930e-02 -8.311484006292606252e-02 -7.372498386055517661e-02 -5.877929565108416798e-02 -5.133267522211257955e-02 -6.181727904667328605e-02 -8.240590221332998178e-02 -9.126934984520118643e-02 -7.968901846452861037e-02 -6.506890353505091762e-02 -5.941422594142255209e-02 -6.095512359011274334e-02 -5.987230454162149884e-02 -5.602716468590834137e-02 -5.532537167925910548e-02 -6.041084234836514855e-02 -6.309148264984226762e-02
-8.630019937339790392e-02 -8.044995016374771601e-02 -7.735822373073120151e-02 -7.464769080507882570e-02 -7.085745795423215032e-02 -6.929872998343457324e-02 -7.780097425191369320e-02 -9.090909090909089774e-02 -9.173179761415055367e-02 -8.356959632779797920e-02 -8.136272545090181274e-02 -8.524853019775520402e-02 -8.988613529805758451e-02 -9.185303514376993994e-02 -8.772852821254766009e-02 -7.165437302423602328e-02 -5.565862708719849367e-02 -5.619747899159661941e-02 -6.454533695511577296e-02 -7.056086844145773029e-02 -7.666232073011730597e-02 -8.213312572985592697e-02 -7.274812077971713753e-02 -5.848680935788951041e-02 -5.500184569952014380e-02 -6.562461233097635627e-02 -8.102025506376593633e-02 -8.304326205867726407e-02 -6.627537295182195365e-02 -5.619596541786740090e-02 -6.107869984521961670e-02 -6.605922551252846331e-02 -6.006809338521401642e-02 -5.816089139218808685e-02 -6.630911750365674207e-02 -7.458363504706730374e-02 -7.535641547861512968e-02
-8.017721880806062684e-02 -8.467856131407534848e-02 -8.479819997187457159e-02 -8.346105615159532531e-02 -8.362033337925335597e-02 -8.082059754922212014e-02 -8.306841741534211343e-02 -9.208178948812953402e-02 -9.036553879603206885e-02 -8.276140492531282311e-02 -8.290986894891681780e-02 -8.846825077191566855e-02 -9.125269978401731596e-02 -8.924976513219699814e-02 -8.406026962727992935e-02 -7.354295487435860701e-02 -6.543778801843318227e-02 -6.788511749347257707e-02 -7.318962178907961746e-02 -7.120662868979801829e-02 -7.205211726384362636e-02 -7.737865327668336235e-02 -6.804696376720115181e-02 -5.767326732673268980e-02 -6.078431372549020217e-02 -7.523973444799607335e-02 -8.599629858112273206e-02 -7.910650376403800810e-02 -6.210951855935317734e-02 -5.950373403999031918e-02 -7.291049199762893174e-02 -8.251450219012670950e-02 -7.666426339822164648e-02 -7.103691970269279676e-02 -7.581491881333166094e-02 -8.121153614094368811e-02 -7.845934379457922270e-02
-8.417893382878378905e-02 -9.024355905955229462e-02 -8.848688823446922147e-02 -8.620207108872091073e-02 -9.148700939745714467e-02 -9.033584647018505498e-02 -9.046321525885557546e-02 -9.385550303848753939e-02 -8.927130949179891417e-02 -8.348943002408348857e-02 -8.341118377152008379e-02 -8.725371934057095380e-02 -9.007797795106216310e-02 -8.959807717986377484e-02 -8.583464981569245700e-02 -8.134221177699439698e-02 -8.091205211726379409e-02 -8.409031923176739365e-02 -8.479381443298962540e-02 -8.022627924916425624e-02 -7.797045600513805019e-02 -7.490779600661333359e-02 -6.347815199699516353e-02 -5.625462620281275472e-02 -6.018177352001966018e-02 -7.171020206998524049e-02 -8.027579413937453723e-02 -7.595870206489675758e-02 -6.684590003666135427e-02 -6.777616980221898291e-02 -7.602478551000958762e-02 -7.842437224800671847e-02 -7.218225419664264786e-02 -6.840390879478824848e-02 -6.787878787878785791e-02 -6.785800531272637159e-02 -6.674598453301608392e-02
-8.747855917667239634e-02 -8.386366850516194238e-02 -8.263305322128847163e-02 -8.275479033601773615e-02 -8.548653106102255261e-02 -8.416314281816943133e-02 -8.449371366770314085e-02 -8.595218909481600056e-02 -8.334451751442759071e-02 -8.301029274161209059e-02 -8.381079280479679372e-02 -8.441125483397786400e-02 -8.508935716190983711e-02 -8.516847970283894509e-02 -8.544428402677516077e-02 -8.533575789063507777e-02 -8.374256913931242552e-02 -8.106708106708102046e-02 -8.073892261981650831e-02 -8.170310701956276511e-02 -7.801598376252702471e-02 -6.966800804828976457e-02 -5.809180246299292666e-02 -5.206020231926971470e-02 -5.637103737510795048e-02 -6.737413622902269084e-02 -7.669616519174041191e-02 -7.820340227634316188e-02 -7.912621359223295792e-02 -8.188466610718143912e-02 -7.976630499582691713e-02 -6.970059880239518058e-02 -6.127833073510008388e-02 -6.422889706755316452e-02 -6.864826610049541700e-02 -6.627218934911245640e-02 -6.092935040303456423e-02
-8.701243034719247094e-02 -8.438818565400846294e-02 -8.358704677553281670e-02 -8.075554338899537665e-02 -7.796794349361582666e-02 -7.880580957504031148e-02 -8.064945435187650946e-02 -7.763769077637693028e-02 -7.244450352253094250e-02 -7.312541473125418190e-02 -7.375415282392029648e-02 -7.584008500464871350e-02 -8.097380259327865981e-02 -8.372952984680401278e-02 -8.361819616092558416e-02 -7.914230019493173618e-02 -7.072262867411113763e-02 -6.297293830960620786e-02 -6.694076834125659015e-02 -7.774936061381070018e-02 -7.766620058472105403e-02 -6.817895400126026961e-02 -5.891126025354214563e-02 -5.535055350553508280e-02 -5.708661417322836301e-02 -6.674846625766869823e-02 -8.083759435110784985e-02 -8.888080514126356357e-02 -9.009553754988518237e-02 -8.679971146910317459e-02 -7.917115822254167101e-02 -6.657070888808923337e-02 -5.969084423305583836e-02 -6.122925917270394952e-02 -6.215870802834900372e-02 -6.090419301944254016e-02 -5.598295656290681876e-02
-8.430315072381494579e-02 -8.666017526777021474e-02 -8.780554417588420923e-02 -8.149749966211645991e-02 -7.336737436173070004e-02 -7.191280074438392844e-02 -7.458382487875210576e-02 -7.199583387579740201e-02 -6.910410994424995290e-02 -7.015273103805332033e-02 -6.630122683372487169e-02 -6.706837830757138297e-02 -7.575559335339522582e-02 -8.342077649527807059e-02 -8.510081173081958383e-02 -7.894397939471985148e-02 -6.323362362741381804e-02 -4.898989898989899311e-02 -5.618840394214768413e-02 -7.398814127352407177e-02 -8.216535939308211578e-02 -7.819874984054095424e-02 -7.496855345911951352e-02 -7.333416056582704734e-02 -6.880790611488576958e-02 -6.984751598622722379e-02 -7.829703939319794526e-02 -8.755196869650277991e-02 -8.986428658760235721e-02 -8.341439688715951428e-02 -7.566067334379143750e-02 -6.845060327320509619e-02 -6.284506049571247921e-02 -5.814222839935140330e-02 -5.596841616349280957e-02 -5.872660939155001369e-02 -5.925749643027125590e-02
