SOC_LEM/input/stinson_DEM.txt
ncols         356
nrows         258
xllcorner     391312.9646857
yllcorner     4765958.4027697
cellsize      3
NODATA_value  -9999
[rows 238 to 254 of 258, columns 74 to 110 of 356]
3.563600000000000136e+02 3.564100000000000250e+02 3.564200000000000159e+02 3.564100000000000250e+02 3.564100000000000250e+02 3.564100000000000250e+02 3.564499999999999886e+02 3.564599999999999795e+02 3.564599999999999795e+02 3.564800000000000182e+02 3.564900000000000091e+02 3.565299999999999727e+02 3.565400000000000205e+02 3.565699999999999932e+02 3.566100000000000136e+02 3.566299999999999955e+02 3.566299999999999955e+02 3.566600000000000250e+02 3.566499999999999773e+02 3.566399999999999864e+02 3.566700000000000159e+02 3.566999999999999886e+02 3.566999999999999886e+02 3.567099999999999795e+02 3.567400000000000091e+02 3.567699999999999818e+02 3.567799999999999727e+02 3.567500000000000000e+02 3.567599999999999909e+02 3.567300000000000182e+02 3.567099999999999795e+02 3.566999999999999886e+02 3.566700000000000159e+02 3.566299999999999955e+02 3.566600000000000250e+02 3.566399999999999864e+02 3.566200000000000045e+02
3.563600000000000136e+02 3.564100000000000250e+02 3.564200000000000159e+02 3.564200000000000159e+02 3.564300000000000068e+02 3.564100000000000250e+02 3.564399999999999977e+02 3.564499999999999886e+02 3.564599999999999795e+02 3.564700000000000273e+02 3.564800000000000182e+02 3.565000000000000000e+02 3.565500000000000114e+02 3.565799999999999841e+02 3.565699999999999932e+02 3.566000000000000227e+02 3.566200000000000045e+02 3.566100000000000136e+02 3.566299999999999955e+02 3.566499999999999773e+02 3.566600000000000250e+02 3.566800000000000068e+02 3.566999999999999886e+02 3.567500000000000000e+02 3.567599999999999909e+02 3.567500000000000000e+02 3.567699999999999818e+02 3.567500000000000000e+02 3.567400000000000091e+02 3.567300000000000182e+02 3.566899999999999977e+02 3.566800000000000068e+02 3.566499999999999773e+02 3.566700000000000159e+02 3.566499999999999773e+02 3.566200000000000045e+02 3.566000000000000227e+02
3.563899999999999864e+02 3.563999999999999773e+02 3.564200000000000159e+02 3.563999999999999773e+02 3.564300000000000068e+02 3.564200000000000159e+02 3.564300000000000068e+02 3.564399999999999977e+02 3.564499999999999886e+02 3.564700000000000273e+02 3.564599999999999795e+02 3.564800000000000182e+02 3.565099999999999909e+02 3.565400000000000205e+02 3.565500000000000114e+02 3.565899999999999750e+02 3.565899999999999750e+02 3.566000000000000227e+02 3.566000000000000227e+02 3.566299999999999955e+02 3.566200000000000045e+02 3.566600000000000250e+02 3.566800000000000068e+02 3.566899999999999977e+02 3.566999999999999886e+02 3.566999999999999886e+02 3.566999999999999886e+02 3.566999999999999886e+02 3.566700000000000159e+02 3.566299999999999955e+02 3.566299999999999955e+02 3.565899999999999750e+02 3.565799999999999841e+02 3.565500000000000114e+02 3.565600000000000023e+02 3.565600000000000023e+02 3.565299999999999727e+02
3.563199999999999932e+02 3.563500000000000227e+02 3.563399999999999750e+02 3.563199999999999932e+02 3.563299999999999841e+02 3.563500000000000227e+02 3.563799999999999955e+02 3.563999999999999773e+02 3.564200000000000159e+02 3.564300000000000068e+02 3.564300000000000068e+02 3.564599999999999795e+02 3.564499999999999886e+02 3.564700000000000273e+02 3.565199999999999818e+02 3.565199999999999818e+02 3.565400000000000205e+02 3.565600000000000023e+02 3.565400000000000205e+02 3.565299999999999727e+02 3.565600000000000023e+02 3.565799999999999841e+02 3.566000000000000227e+02 3.566100000000000136e+02 3.565899999999999750e+02 3.566000000000000227e+02 3.566000000000000227e+02 3.565699999999999932e+02 3.565500000000000114e+02 3.565000000000000000e+02 3.564499999999999886e+02 3.564399999999999977e+02 3.564300000000000068e+02 3.564200000000000159e+02 3.564300000000000068e+02 3.564499999999999886e+02 3.564700000000000273e+02
3.561700000000000159e+02 3.561700000000000159e+02 3.561600000000000250e+02 3.561899999999999977e+02 3.561999999999999886e+02 3.562099999999999795e+02 3.562300000000000182e+02 3.562799999999999727e+02 3.562699999999999818e+02 3.562900000000000205e+02 3.562799999999999727e+02 3.563000000000000114e+02 3.563299999999999841e+02 3.563299999999999841e+02 3.563700000000000045e+02 3.563700000000000045e+02 3.563799999999999955e+02 3.564100000000000250e+02 3.564100000000000250e+02 3.564100000000000250e+02 3.563999999999999773e+02 3.563999999999999773e+02 3.564200000000000159e+02 3.564200000000000159e+02 3.563600000000000136e+02 3.563600000000000136e+02 3.563600000000000136e+02 3.563500000000000227e+02 3.563399999999999750e+02 3.563299999999999841e+02 3.563100000000000023e+02 3.563299999999999841e+02 3.563299999999999841e+02 3.563799999999999955e+02 3.564100000000000250e+02 3.564599999999999795e+02 3.564599999999999795e+02
3.560500000000000114e+02 3.560699999999999932e+02 3.560799999999999841e+02 3.560799999999999841e+02 3.560799999999999841e+02 3.560899999999999750e+02 3.561100000000000136e+02 3.561200000000000045e+02 3.561000000000000227e+02 3.561200000000000045e+02 3.561499999999999773e+02 3.561499999999999773e+02 3.561399999999999864e+02 3.561499999999999773e+02 3.561499999999999773e+02 3.561700000000000159e+02 3.561600000000000250e+02 3.561899999999999977e+02 3.561999999999999886e+02 3.562300000000000182e+02 3.562300000000000182e+02 3.562300000000000182e+02 3.562500000000000000e+02 3.562400000000000091e+02 3.562400000000000091e+02 3.562400000000000091e+02 3.562599999999999909e+02 3.563100000000000023e+02 3.563299999999999841e+02 3.563700000000000045e+02 3.564100000000000250e+02 3.564599999999999795e+02 3.564700000000000273e+02 3.565299999999999727e+02 3.565699999999999932e+02 3.565899999999999750e+02 3.565699999999999932e+02
3.561399999999999864e+02 3.561499999999999773e+02 3.561800000000000068e+02 3.561399999999999864e+02 3.561600000000000250e+02 3.561999999999999886e+02 3.561800000000000068e+02 3.561999999999999886e+02 3.561700000000000159e+02 3.561600000000000250e+02 3.562200000000000273e+02 3.561999999999999886e+02 3.562099999999999795e+02 3.562300000000000182e+02 3.562099999999999795e+02 3.562099999999999795e+02 3.562200000000000273e+02 3.562300000000000182e+02 3.562500000000000000e+02 3.562799999999999727e+02 3.562900000000000205e+02 3.562900000000000205e+02 3.563199999999999932e+02 3.563399999999999750e+02 3.563799999999999955e+02 3.563999999999999773e+02 3.564200000000000159e+02 3.564900000000000091e+02 3.565299999999999727e+02 3.565699999999999932e+02 3.566100000000000136e+02 3.566499999999999773e+02 3.566800000000000068e+02 3.566899999999999977e+02 3.567099999999999795e+02 3.566899999999999977e+02 3.566600000000000250e+02
3.562799999999999727e+02 3.563000000000000114e+02 3.563299999999999841e+02 3.563299999999999841e+02 3.563299999999999841e+02 3.563399999999999750e+02 3.563399999999999750e+02 3.563700000000000045e+02 3.563600000000000136e+02 3.563500000000000227e+02 3.563799999999999955e+02 3.563999999999999773e+02 3.563999999999999773e+02 3.564200000000000159e+02 3.564200000000000159e+02 3.564399999999999977e+02 3.563999999999999773e+02 3.564399999999999977e+02 3.564200000000000159e+02 3.564499999999999886e+02 3.564700000000000273e+02 3.564900000000000091e+02 3.565000000000000000e+02 3.565600000000000023e+02 3.565600000000000023e+02 3.565899999999999750e+02 3.566000000000000227e+02 3.566399999999999864e+02 3.566600000000000250e+02 3.566899999999999977e+02 3.567099999999999795e+02 3.567400000000000091e+02 3.567500000000000000e+02 3.567599999999999909e+02 3.567500000000000000e+02 3.567200000000000273e+02 3.566999999999999886e+02
3.563299999999999841e+02 3.563399999999999750e+02 3.563399999999999750e+02 3.563399999999999750e+02 3.563600000000000136e+02 3.563899999999999864e+02 3.564100000000000250e+02 3.564100000000000250e+02 3.564200000000000159e+02 3.564300000000000068e+02 3.564499999999999886e+02 3.564700000000000273e+02 3.565000000000000000e+02 3.565099999999999909e+02 3.565199999999999818e+02 3.565199999999999818e+02 3.565199999999999818e+02 3.565099999999999909e+02 3.565099999999999909e+02 3.565500000000000114e+02 3.565500000000000114e+02 3.565899999999999750e+02 3.566000000000000227e+02 3.566200000000000045e+02 3.566200000000000045e+02 3.566700000000000159e+02 3.566899999999999977e+02 3.566800000000000068e+02 3.566899999999999977e+02 3.567200000000000273e+02 3.567200000000000273e+02 3.567200000000000273e+02 3.567799999999999727e+02 3.567799999999999727e+02 3.567799999999999727e+02 3.567599999999999909e+02 3.567400000000000091e+02
3.563299999999999841e+02 3.563500000000000227e+02 3.563799999999999955e+02 3.563799999999999955e+02 3.564100000000000250e+02 3.564100000000000250e+02 3.564200000000000159e+02 3.564399999999999977e+02 3.564499999999999886e+02 3.564499999999999886e+02 3.564900000000000091e+02 3.565000000000000000e+02 3.565400000000000205e+02 3.565600000000000023e+02 3.565500000000000114e+02 3.565500000000000114e+02 3.565899999999999750e+02 3.565899999999999750e+02 3.565899999999999750e+02 3.566200000000000045e+02 3.566000000000000227e+02 3.566299999999999955e+02 3.566499999999999773e+02 3.566800000000000068e+02 3.567099999999999795e+02 3.567099999999999795e+02 3.567099999999999795e+02 3.567200000000000273e+02 3.567300000000000182e+02 3.567300000000000182e+02 3.567500000000000000e+02 3.567599999999999909e+02 3.568000000000000114e+02 3.568100000000000023e+02 3.568199999999999932e+02 3.567900000000000205e+02 3.567599999999999909e+02
3.563299999999999841e+02 3.563500000000000227e+02 3.563700000000000045e+02 3.563899999999999864e+02 3.563899999999999864e+02 3.563999999999999773e+02 3.564200000000000159e+02 3.564599999999999795e+02 3.564700000000000273e+02 3.564700000000000273e+02 3.564900000000000091e+02 3.565000000000000000e+02 3.565199999999999818e+02 3.565500000000000114e+02 3.565799999999999841e+02 3.565699999999999932e+02 3.566100000000000136e+02 3.566299999999999955e+02 3.566100000000000136e+02 3.566000000000000227e+02 3.566299999999999955e+02 3.566600000000000250e+02 3.566499999999999773e+02 3.566999999999999886e+02 3.567200000000000273e+02 3.567400000000000091e+02 3.567500000000000000e+02 3.567500000000000000e+02 3.567699999999999818e+02 3.567500000000000000e+02 3.567699999999999818e+02 3.568000000000000114e+02 3.568299999999999841e+02 3.568700000000000045e+02 3.568399999999999750e+02 3.568299999999999841e+02 3.568199999999999932e+02
3.563199999999999932e+02 3.563299999999999841e+02 3.563700000000000045e+02 3.563799999999999955e+02 3.564200000000000159e+02 3.564200000000000159e+02 3.564300000000000068e+02 3.564499999999999886e+02 3.564499999999999886e+02 3.564700000000000273e+02 3.564700000000000273e+02 3.564900000000000091e+02 3.565099999999999909e+02 3.565500000000000114e+02 3.565500000000000114e+02 3.565699999999999932e+02 3.565899999999999750e+02 3.565699999999999932e+02 3.566200000000000045e+02 3.566299999999999955e+02 3.566200000000000045e+02 3.566600000000000250e+02 3.566700000000000159e+02 3.566899999999999977e+02 3.567400000000000091e+02 3.567300000000000182e+02 3.567400000000000091e+02 3.567400000000000091e+02 3.567500000000000000e+02 3.567699999999999818e+02 3.567699999999999818e+02 3.568000000000000114e+02 3.568399999999999750e+02 3.568500000000000227e+02 3.568700000000000045e+02 3.568600000000000136e+02 3.568299999999999841e+02
3.563399999999999750e+02 3.563500000000000227e+02 3.563899999999999864e+02 3.563700000000000045e+02 3.564200000000000159e+02 3.564499999999999886e+02 3.564599999999999795e+02 3.564700000000000273e+02 3.564800000000000182e+02 3.564900000000000091e+02 3.564900000000000091e+02 3.565099999999999909e+02 3.565299999999999727e+02 3.565400000000000205e+02 3.565799999999999841e+02 3.565899999999999750e+02 3.565899999999999750e+02 3.566100000000000136e+02 3.566200000000000045e+02 3.566299999999999955e+02 3.566299999999999955e+02 3.566600000000000250e+02 3.566999999999999886e+02 3.567200000000000273e+02 3.567400000000000091e+02 3.567599999999999909e+02 3.567699999999999818e+02 3.567500000000000000e+02 3.567900000000000205e+02 3.567699999999999818e+02 3.568000000000000114e+02 3.568399999999999750e+02 3.568700000000000045e+02 3.568899999999999864e+02 3.568899999999999864e+02 3.568799999999999955e+02 3.568700000000000045e+02
3.563500000000000227e+02 3.563600000000000136e+02 3.563600000000000136e+02 3.563999999999999773e+02 3.564200000000000159e+02 3.564499999999999886e+02 3.564499999999999886e+02 3.565000000000000000e+02 3.564700000000000273e+02 3.565000000000000000e+02 3.565199999999999818e+02 3.565500000000000114e+02 3.565400000000000205e+02 3.565699999999999932e+02 3.565899999999999750e+02 3.566000000000000227e+02 3.566100000000000136e+02 3.566000000000000227e+02 3.565899999999999750e+02 3.566100000000000136e+02 3.566700000000000159e+02 3.566999999999999886e+02 3.567099999999999795e+02 3.567300000000000182e+02 3.567900000000000205e+02 3.567599999999999909e+02 3.567900000000000205e+02 3.568000000000000114e+02 3.567799999999999727e+02 3.568299999999999841e+02 3.568399999999999750e+02 3.568600000000000136e+02 3.568799999999999955e+02 3.568999999999999773e+02 3.568999999999999773e+02 3.569100000000000250e+02 3.568999999999999773e+02
-9.999000000000000000e+03 -9.999000000000000000e+03 -9.999000000000000000e+03 -9.999000000000000000e+03 -9.999000000000000000e+03 3.564300000000000068e+02 3.564599999999999795e+02 3.564700000000000273e+02 3.564700000000000273e+02 3.565000000000000000e+02 3.565099999999999909e+02 3.565400000000000205e+02 3.565500000000000114e+02 3.565600000000000023e+02 3.565899999999999750e+02 3.566000000000000227e+02 3.566299999999999955e+02 3.566299999999999955e+02 3.565899999999999750e+02 3.566399999999999864e+02 3.566600000000000250e+02 3.566800000000000068e+02 3.566800000000000068e+02 3.567400000000000091e+02 3.567799999999999727e+02 3.568000000000000114e+02 3.568000000000000114e+02 3.568100000000000023e+02 3.568000000000000114e+02 3.568199999999999932e+02 3.568500000000000227e+02 3.568799999999999955e+02 3.568700000000000045e+02 3.568999999999999773e+02 3.569399999999999977e+02 3.568899999999999864e+02 3.568999999999999773e+02
-9.999000000000000000e+03 -9.999000000000000000e+03 -9.999000000000000000e+03 -9.999000000000000000e+03 -9.999000000000000000e+03 -9.999000000000000000e+03 -9.999000000000000000e+03 -9.999000000000000000e+03 -9.999000000000000000e+03 -9.999000000000000000e+03 -9.999000000000000000e+03 -9.999000000000000000e+03 -9.999000000000000000e+03 -9.999000000000000000e+03 -9.999000000000000000e+03 -9.999000000000000000e+03 -9.999000000000000000e+03 -9.999000000000000000e+03 -9.999000000000000000e+03 -9.999000000000000000e+03 -9.999000000000000000e+03 -9.999000000000000000e+03 -9.999000000000000000e+03 -9.999000000000000000e+03 -9.999000000000000000e+03 -9.999000000000000000e+03 -9.999000000000000000e+03 -9.999000000000000000e+03 -9.999000000000000000e+03 -9.999000000000000000e+03 -9.999000000000000000e+03 -9.999000000000000000e+03 -9.999000000000000000e+03 -9.999000000000000000e+03 -9.999000000000000000e+03 -9.999000000000000000e+03 -9.999000000000000000e+03
-9.999000000000000000e+03 -9.999000000000000000e+03 -9.999000000000000000e+03 -9.999000000000000000e+03 -9.999000000000000000e+03 -9.999000000000000000e+03 -9.999000000000000000e+03 -9.999000000000000000e+03 -9.999000000000000000e+03 -9.999000000000000000e+03 -9.999000000000000000e+03 -9.999000000000000000e+03 -9.999000000000000000e+03 -9.999000000000000000e+03 -9.999000000000000000e+03 -9.999000000000000000e+03 -9.999000000000000000e+03 -9.999000000000000000e+03 -9.999000000000000000e+03 -9.999000000000000000e+03 -9.999000000000000000e+03 -9.999000000000000000e+03 -9.999000000000000000e+03 -9.999000000000000000e+03 -9.999000000000000000e+03 -9.999000000000000000e+03 -9.999000000000000000e+03 -9.999000000000000000e+03 -9.999000000000000000e+03 -9.999000000000000000e+03 -9.999000000000000000e+03 -9.999000000000000000e+03 -9.999000000000000000e+03 -9.999000000000000000e+03 -9.999000000000000000e+03 -9.999000000000000000e+03 -9.999000000000000000e+03
