SOC_LEM/input/stinson_NDVI.txt
ncols         356
nrows         258
xllcorner     391312.9646857
yllcorner     4765958.4027697
cellsize      3
NODATA_value  -9999
[rows 0 to 15 of 258, columns 185 to 221 of 356]
-9.999000000000000000e+03 -9.999000000000000000e+03 -9.999000000000000000e+03 -9.999000000000000000e+03 -9.999000000000000000e+03 -9.999000000000000000e+03 -9.999000000000000000e+03 -9.999000000000000000e+03 -9.999000000000000000e+03 -9.999000000000000000e+03 -9.999000000000000000e+03 -9.999000000000000000e+03 -9.999000000000000000e+03 -9.999000000000000000e+03 -9.999000000000000000e+03 -9.999000000000000000e+03 -9.999000000000000000e+03 -9.999000000000000000e+03 -9.999000000000000000e+03 -9.999000000000000000e+03 -9.999000000000000000e+03 -9.999000000000000000e+03 -9.999000000000000000e+03 -9.999000000000000000e+03 -9.999000000000000000e+03 -9.999000000000000000e+03 -9.999000000000000000e+03 -9.999000000000000000e+03 -9.999000000000000000e+03 -9.999000000000000000e+03 -9.999000000000000000e+03 -9.999000000000000000e+03 -9.999000000000000000e+03 -9.999000000000000000e+03 -9.999000000000000000e+03 -9.999000000000000000e+03 -9.999000000000000000e+03
-3.491171749598712126e-02 -2.460543084011371576e-02 -1.250721570136621719e-02 -1.424907381020228602e-03 2.146523565095652571e-03 -6.300063000629983322e-04 -3.864319450407886509e-03 -1.797973193854201721e-02 -4.154394667493411381e-02 -5.249050703596160050e-02 -5.083010312294305305e-02 -4.554896142433238759e-02 -2.503888024883364413e-02 -2.953240360951589136e-03 3.796376186367544404e-03 5.895691609977385221e-03 4.478323010957669867e-03 1.002104419280485493e-04 -8.055235903337140332e-03 -1.212576456701358607e-02 -1.335649907698985284e-02 -1.663019693654261069e-02 -1.168325400259623802e-02 -5.248241838983920809e-04 9.336206012106256641e-03 7.008633824276257716e-03 -8.639742816958066035e-03 -2.119231530996238191e-02 -2.238805970149254643e-02 -1.347602061038450511e-02 -1.523306590839844377e-03 4.370447450572304687e-03 9.347779902273273961e-03 1.304631441617738405e-02 1.104484205875851935e-03 -1.170494699646648998e-02 -9.499136442141590739e-03
-2.732240437158469162e-02 -2.156549520766774461e-02 -1.991798476859981196e-02 -2.300380228136882782e-02 -3.131331736968130663e-02 -3.610647456733728777e-02 -3.112223612849391446e-02 -3.430204859456879862e-02 -5.116981132075466843e-02 -6.097560975609760819e-02 -6.086583797685381214e-02 -5.587361403000218329e-02 -3.990980834272829514e-02 -2.536631479439103651e-02 -1.890878800499792498e-02 -1.431601272534459464e-02 -2.183650615901456746e-02 -3.930647226874203759e-02 -5.155491269759272799e-02 -4.288747346072181721e-02 -2.550855666774298411e-02 -1.832375582782168333e-02 -1.917514729512589944e-02 -2.346928131845208571e-02 -2.278067218306262937e-02 -2.655401327700663422e-02 -4.193037974683547220e-02 -5.113192818110850330e-02 -4.743503043184234269e-02 -3.578702356706434801e-02 -2.749925543532213967e-02 -2.686689140872407233e-02 -1.934805467928499279e-02 -7.914995120893390107e-03 -1.391342756183750612e-02 -2.157795728671021290e-02 -2.039487958342366472e-02
-2.632653061224489444e-02 -2.783941900342948306e-02 -3.089558075870166981e-02 -3.606988540296829360e-02 -4.886577602438804679e-02 -5.695611577964514172e-02 -5.172135122030059595e-02 -5.120877423341316931e-02 -5.761957730812013179e-02 -5.776562837205954926e-02 -5.587859878031484206e-02 -5.142693655675560638e-02 -4.352906806894534658e-02 -4.002421124309600564e-02 -3.644047524120878206e-02 -2.911799559844257743e-02 -3.107598347404344138e-02 -4.493846007060388337e-02 -5.581301632077371316e-02 -4.697286012526098037e-02 -3.026427962489342677e-02 -2.409120240912025410e-02 -3.451949712337521597e-02 -4.896853511148157451e-02 -4.837237602677214865e-02 -4.214257581725091434e-02 -4.677744693113054797e-02 -5.370211957038311529e-02 -4.991426938464477853e-02 -4.140986132511559337e-02 -4.266430190166521641e-02 -4.775452143873198246e-02 -4.119377889869688808e-02 -2.488859906531889696e-02 -2.029049783789779737e-02 -2.595688517377915325e-02 -3.200341369746104864e-02
-4.126337238920024103e-02 -4.685462024681440879e-02 -4.297938545313110398e-02 -3.777819337946515532e-02 -4.389635829400766187e-02 -5.282606869908453712e-02 -5.385781536743001335e-02 -5.509156386483795437e-02 -5.454545454545455668e-02 -5.066977285963893129e-02 -5.639418968954712508e-02 -5.967092719440715565e-02 -5.643212508884149631e-02 -5.709077652205614417e-02 -5.352500382321457445e-02 -4.456327985739749753e-02 -3.970372922228922186e-02 -4.114359021350685180e-02 -4.066776666990200295e-02 -3.236278786649079281e-02 -2.563029605607281686e-02 -2.436947962115569924e-02 -3.413697461062511346e-02 -5.235547161892770834e-02 -5.464480874316939019e-02 -3.860741028882625631e-02 -3.556939333899420547e-02 -4.893279895610028185e-02 -5.319448353504079019e-02 -4.630428530342250298e-02 -4.498269896193773237e-02 -4.790052996331024826e-02 -4.225055315562106784e-02 -3.259452411994793325e-02 -3.036996134732191169e-02 -3.359511343804545691e-02 -4.249710007381625465e-02
-4.541260891850335685e-02 -5.092546273136568102e-02 -4.471269917914053038e-02 -3.645833333333337034e-02 -4.249492004594046524e-02 -5.238610810360626313e-02 -5.322439914333310096e-02 -5.043050430504307513e-02 -4.672897196261679292e-02 -4.482682224355664935e-02 -5.346706111552060325e-02 -6.451612903225802109e-02 -7.100217711917972130e-02 -7.336898395721924704e-02 -6.573882143914713816e-02 -5.504444097926082524e-02 -4.712215320910978500e-02 -3.926586076061062969e-02 -3.087172750304961744e-02 -2.262353641595555437e-02 -1.792931910042485158e-02 -1.684500476745421846e-02 -2.428115015974442042e-02 -4.090623033354306298e-02 -4.533928390303278849e-02 -3.256178893683803893e-02 -3.403688914242248426e-02 -4.811028791146956807e-02 -5.003776435045316495e-02 -4.578313253012049333e-02 -4.306315266036791350e-02 -4.387943407832687465e-02 -3.948343389435795409e-02 -3.213114754098359005e-02 -3.172842245396049338e-02 -3.562841530054652178e-02 -4.316470463463776414e-02
-4.477303277840970902e-02 -4.662588990273731221e-02 -4.120641629046203902e-02 -3.402366863905330330e-02 -4.033183302444622725e-02 -5.264920063614299955e-02 -5.789347600415237910e-02 -5.387830933581051057e-02 -4.424509654857836094e-02 -3.881534664572582061e-02 -4.736842105263161518e-02 -6.173015307938765212e-02 -7.054116656138134656e-02 -7.446733703677659022e-02 -7.091587711742751432e-02 -6.196822528424069526e-02 -5.463297232250303309e-02 -4.503424657534246117e-02 -3.611820503465883181e-02 -3.219568790486316417e-02 -2.634523446241480646e-02 -1.721604031072856977e-02 -2.002330755376631466e-02 -3.022035676810072569e-02 -3.318312167144620017e-02 -2.850285028502849011e-02 -3.347403553548645994e-02 -4.485179407176288768e-02 -5.130951221886865393e-02 -5.725153613576511313e-02 -5.406479825084474500e-02 -4.720942140296981171e-02 -4.121199279584697450e-02 -3.480838915120234439e-02 -3.496659242761689795e-02 -4.041178403241709599e-02 -4.624586136921930019e-02
-5.507425742574256766e-02 -5.464317706778141354e-02 -4.425117079231571243e-02 -3.148951888447692332e-02 -3.177570093457948719e-02 -4.354495100127822593e-02 -5.567278039279333068e-02 -5.807255176708703281e-02 -4.901365705614570828e-02 -4.043650497047611425e-02 -4.441670949269514723e-02 -5.444620025858353668e-02 -5.979264309047008230e-02 -6.167432002825853909e-02 -6.099552652133775899e-02 -5.994851048179476727e-02 -5.692451653150337049e-02 -5.134596211365906326e-02 -4.548685145700070986e-02 -4.119210326499615077e-02 -3.523035230352299790e-02 -2.691986644407345919e-02 -2.578857630008525928e-02 -2.488518637188936317e-02 -2.414444677724124702e-02 -2.431485678961468194e-02 -2.747421101011131642e-02 -4.048706240487066899e-02 -5.607850991387949846e-02 -6.508407517309598711e-02 -6.123260437375750709e-02 -5.259945060535151096e-02 -4.791929382093309403e-02 -4.846386845521422071e-02 -5.072146917358986984e-02 -5.025507435145991353e-02 -4.977472645355075775e-02
-4.986931521170936965e-02 -5.579053373615305844e-02 -4.931773879142300337e-02 -3.829063061359549297e-02 -3.282435768492270034e-02 -3.742094167252286996e-02 -4.776990412671951874e-02 -5.354467313303370307e-02 -5.099878934624699905e-02 -4.624277456647402779e-02 -4.503844745514468118e-02 -4.569190600522190365e-02 -4.901889797987107195e-02 -5.463217227923109626e-02 -6.281170943259851980e-02 -7.105924065593140215e-02 -6.779136356601141167e-02 -6.168193717277486998e-02 -5.396658794717051899e-02 -4.306039762555358141e-02 -3.878448620551774167e-02 -3.567318757192172035e-02 -3.283840901701536030e-02 -2.935377875136910633e-02 -3.093898745131986108e-02 -3.344695355773325690e-02 -3.472953062513152445e-02 -4.635486881675829340e-02 -5.888355954689251937e-02 -6.187745246000608823e-02 -5.624499599679750467e-02 -5.160701612085572682e-02 -5.018820577164367219e-02 -5.173894375268357076e-02 -5.427027027027027384e-02 -5.167763512784551844e-02 -4.693218514531757868e-02
-4.450345193839611718e-02 -5.188241361526560458e-02 -4.829258436047687703e-02 -4.476442354784995747e-02 -4.258526474467685952e-02 -4.150806597788646302e-02 -4.406428201140487333e-02 -4.874663182820279661e-02 -5.405824039653037150e-02 -5.538922155688623394e-02 -4.672621244555993925e-02 -3.845871019927935702e-02 -4.320306175020244971e-02 -5.381561535068373620e-02 -6.378570371466625588e-02 -7.178048965360420142e-02 -7.263273987710731905e-02 -6.989470193184642299e-02 -6.067056945183602751e-02 -4.521556256572022148e-02 -3.603695056339453751e-02 -3.340091772489593713e-02 -3.527845573552249037e-02 -3.872488494780555041e-02 -4.914387369357341856e-02 -5.204338775063001299e-02 -4.600171969045575154e-02 -4.860088365242997560e-02 -5.406246757289612237e-02 -5.309917355371900766e-02 -4.862971357922935695e-02 -4.998967155546375774e-02 -4.999473739606349887e-02 -4.825362708221388880e-02 -4.826839826839829373e-02 -4.707282761605889598e-02 -4.508595523840418923e-02
-4.994617868675997607e-02 -5.684078300010466517e-02 -5.759162303664919907e-02 -5.655475619504403417e-02 -5.414535276517708912e-02 -5.013979496738116270e-02 -4.572706935123042188e-02 -4.744091140962419795e-02 -5.786850988587045191e-02 -6.490107013626912613e-02 -5.598309944167798730e-02 -4.764767773936566531e-02 -4.959177502267912707e-02 -5.216662858883559795e-02 -5.607404550713460112e-02 -5.858203063319123577e-02 -5.747877204441535770e-02 -5.356375204195680528e-02 -4.329363980430168263e-02 -3.061527791538688065e-02 -2.250601905160684243e-02 -2.169149868536373801e-02 -2.590790813440435256e-02 -3.360768175582988515e-02 -4.996016843063619955e-02 -5.718771024893474358e-02 -4.990151017728169935e-02 -4.459416105229391247e-02 -4.709493068049522280e-02 -4.820556381397317347e-02 -4.583643518026155744e-02 -4.621268458514813521e-02 -4.339440694310515295e-02 -3.900054318305274520e-02 -3.853733304138390325e-02 -4.297430289775838047e-02 -4.780572797560712905e-02
-5.274677172247757562e-02 -5.250825434018533550e-02 -5.342877891897499648e-02 -5.326754606786828633e-02 -4.977995110024449610e-02 -4.807054138617616185e-02 -4.791514264813460239e-02 -5.138755143132275188e-02 -6.087101340661171117e-02 -6.679389312977097870e-02 -6.092469460337095188e-02 -5.591597157862218670e-02 -5.484834197705487635e-02 -5.124919923126205340e-02 -5.086411663526903271e-02 -4.897580713141699155e-02 -4.599600034779584290e-02 -4.264373019465814152e-02 -3.182998365227423382e-02 -1.993661179838455283e-02 -1.298701298701294103e-02 -1.342281879194636048e-02 -1.791456132292138653e-02 -2.830733679953784804e-02 -4.551724137931039554e-02 -5.462805224304374124e-02 -5.132505870513241752e-02 -4.621153634057574566e-02 -4.696223316912975093e-02 -4.842243645924629997e-02 -4.512595837897046686e-02 -3.687540912066338689e-02 -2.740473850857080493e-02 -2.378330764148867474e-02 -2.909171663335553479e-02 -4.112626094667991977e-02 -5.241090146750525258e-02
-5.153032832498600363e-02 -4.760874269638609019e-02 -4.748925463885105003e-02 -4.614759097377518077e-02 -3.889660646953755491e-02 -3.787221740387390623e-02 -4.123615377455089326e-02 -4.625313732520616727e-02 -5.568965517241383778e-02 -5.635801953744679765e-02 -4.592422502870262269e-02 -4.207758053911899582e-02 -4.373956594323873126e-02 -4.303365999147848453e-02 -4.549431321084864560e-02 -4.973468837125639280e-02 -4.934392903345037606e-02 -4.218362282878405922e-02 -3.144026349935120923e-02 -2.307130180603404745e-02 -2.326084604565608824e-02 -2.672481270267248674e-02 -2.492247616859988996e-02 -3.366886497743837997e-02 -4.990757855822554323e-02 -5.833525478441319023e-02 -5.764584052468070541e-02 -5.353662730711913204e-02 -5.164747463231104951e-02 -5.134029986369834792e-02 -4.780201152672622356e-02 -3.858232391206815187e-02 -2.824606453053477712e-02 -2.374551971326166466e-02 -2.874535001690902564e-02 -4.198086662915020278e-02 -5.506855473140032792e-02
-5.120072496601724144e-02 -5.472527472527472653e-02 -5.713982826248276831e-02 -5.240488155061019671e-02 -4.143314651721371339e-02 -3.593048232767042521e-02 -3.210441078403351162e-02 -3.185068251462536831e-02 -4.043517679057110487e-02 -4.206023881661024449e-02 -3.241232731137092676e-02 -2.637205987170355981e-02 -2.688607139645713892e-02 -3.052391799544416223e-02 -4.238152647686174723e-02 -5.488671912029582933e-02 -5.295950155763239076e-02 -4.151696606786420968e-02 -3.173462051966732117e-02 -2.807500794575696484e-02 -3.586176918061297764e-02 -4.188948306595360188e-02 -3.997266826101817522e-02 -4.642610894047349834e-02 -5.452019909711773582e-02 -5.853487556957594207e-02 -6.318390398870459002e-02 -6.354831089062135119e-02 -5.928200283419939043e-02 -5.512367491166075134e-02 -5.066105066105069249e-02 -4.406307977736554499e-02 -3.790759304067296137e-02 -3.629450397511242016e-02 -3.959367424679679365e-02 -4.899930986887512246e-02 -5.696858096443779829e-02
-5.231411669179911877e-02 -6.068125422964131682e-02 -6.081449939949774147e-02 -5.392001688297984319e-02 -4.804835570126013422e-02 -4.509018036072136998e-02 -3.469407927251157847e-02 -2.801556420233462102e-02 -3.314811266526151295e-02 -3.531651594478815714e-02 -3.055106119729701988e-02 -2.528867258326175996e-02 -2.428762669726525561e-02 -2.658447312656520359e-02 -3.517490012666867061e-02 -4.398652664949476848e-02 -4.448272368021079226e-02 -4.195948739148411960e-02 -3.602746962493393740e-02 -3.211157963023037604e-02 -4.320175438596495637e-02 -5.271352313167250447e-02 -5.558687563423160560e-02 -6.049903155975845659e-02 -6.302569420440141956e-02 -6.284248571761692770e-02 -6.306731109277381730e-02 -6.232159847764028732e-02 -6.199976107991871793e-02 -6.270154066642774637e-02 -6.095238095238090376e-02 -5.499465494714333991e-02 -5.003557031064737037e-02 -4.782247537676515697e-02 -4.673564038530146625e-02 -4.900913729678414016e-02 -5.198342214328002808e-02
-5.143935818782442715e-02 -5.969802555168408215e-02 -5.532879818594105270e-02 -4.604901637542590381e-02 -4.360837964942287232e-02 -4.827875734676743968e-02 -4.684908789386403594e-02 -4.173895295438313779e-02 -3.670924268329473633e-02 -3.058776489404236437e-02 -2.903322358575275569e-02 -2.974051896207583270e-02 -2.794751076830610803e-02 -2.498735457764289167e-02 -2.485933503836317351e-02 -2.922885572139303015e-02 -3.985697760016822244e-02 -5.064505810854037088e-02 -5.011933174224345727e-02 -4.578472375082547757e-02 -5.243321139563242306e-02 -5.716523101018011754e-02 -5.896972435607772400e-02 -6.307744952663395244e-02 -6.569847856154907573e-02 -6.596736596736599290e-02 -6.280307510348909217e-02 -5.808929428708589637e-02 -5.839680812477331812e-02 -6.308044867929080146e-02 -6.328809895520595696e-02 -5.791876952655607841e-02 -5.575582792597930104e-02 -5.344432380262997134e-02 -4.653996101364522853e-02 -4.152884968761486745e-02 -4.559270516717325861e-02
