SOC_LEM/input/stinson_DEM.txt
ncols         356
nrows         258
xllcorner     391312.9646857
yllcorner     4765958.4027697
cellsize      3
NODATA_value  -9999
[rows 221 to 237 of 258, columns 148 to 184 of 356]
3.576000000000000227e+02 3.576299999999999955e+02 3.576899999999999977e+02 3.577200000000000273e+02 3.577500000000000000e+02 3.577400000000000091e+02 3.577500000000000000e+02 3.577300000000000182e+02 3.577300000000000182e+02 3.576999999999999886e+02 3.576899999999999977e+02 3.576899999999999977e+02 3.576499999999999773e+02 3.576499999999999773e+02 3.576299999999999955e+02 3.576399999999999864e+02 3.576499999999999773e+02 3.576600000000000250e+02 3.576700000000000159e+02 3.576600000000000250e+02 3.576800000000000068e+02 3.576700000000000159e+02 3.576899999999999977e+02 3.577200000000000273e+02 3.577300000000000182e+02 3.577400000000000091e+02 3.577200000000000273e+02 3.577300000000000182e+02 3.577200000000000273e+02 3.577099999999999795e+02 3.577200000000000273e+02 3.577400000000000091e+02 3.577300000000000182e+02 3.577500000000000000e+02 3.577599999999999909e+02 3.577599999999999909e+02 3.577300000000000182e+02
3.575699999999999932e+02 3.576000000000000227e+02 3.576700000000000159e+02 3.577099999999999795e+02 3.577099999999999795e+02 3.577300000000000182e+02 3.577099999999999795e+02 3.577400000000000091e+02 3.577200000000000273e+02 3.576800000000000068e+02 3.576899999999999977e+02 3.576700000000000159e+02 3.576700000000000159e+02 3.576499999999999773e+02 3.576499999999999773e+02 3.576499999999999773e+02 3.576399999999999864e+02 3.576200000000000045e+02 3.576499999999999773e+02 3.576499999999999773e+02 3.576600000000000250e+02 3.576800000000000068e+02 3.576999999999999886e+02 3.577200000000000273e+02 3.577200000000000273e+02 3.576999999999999886e+02 3.576899999999999977e+02 3.577300000000000182e+02 3.577200000000000273e+02 3.576999999999999886e+02 3.577400000000000091e+02 3.577200000000000273e+02 3.577400000000000091e+02 3.577500000000000000e+02 3.577200000000000273e+02 3.577300000000000182e+02 3.577200000000000273e+02
3.575199999999999818e+02 3.575699999999999932e+02 3.576299999999999955e+02 3.576700000000000159e+02 3.576800000000000068e+02 3.576899999999999977e+02 3.576999999999999886e+02 3.576800000000000068e+02 3.576700000000000159e+02 3.576700000000000159e+02 3.576600000000000250e+02 3.576600000000000250e+02 3.576399999999999864e+02 3.576499999999999773e+02 3.576399999999999864e+02 3.576399999999999864e+02 3.576299999999999955e+02 3.576299999999999955e+02 3.576299999999999955e+02 3.576399999999999864e+02 3.576499999999999773e+02 3.576800000000000068e+02 3.576800000000000068e+02 3.576800000000000068e+02 3.576899999999999977e+02 3.576999999999999886e+02 3.576899999999999977e+02 3.577099999999999795e+02 3.576899999999999977e+02 3.576800000000000068e+02 3.576999999999999886e+02 3.577099999999999795e+02 3.577300000000000182e+02 3.577200000000000273e+02 3.577200000000000273e+02 3.576800000000000068e+02 3.577300000000000182e+02
3.575099999999999909e+02 3.575699999999999932e+02 3.576000000000000227e+02 3.576600000000000250e+02 3.576800000000000068e+02 3.576999999999999886e+02 3.576899999999999977e+02 3.576600000000000250e+02 3.576499999999999773e+02 3.576700000000000159e+02 3.576499999999999773e+02 3.576499999999999773e+02 3.576399999999999864e+02 3.576200000000000045e+02 3.576100000000000136e+02 3.576299999999999955e+02 3.576100000000000136e+02 3.576499999999999773e+02 3.576200000000000045e+02 3.576100000000000136e+02 3.576399999999999864e+02 3.576499999999999773e+02 3.576600000000000250e+02 3.576499999999999773e+02 3.576999999999999886e+02 3.577099999999999795e+02 3.576899999999999977e+02 3.576800000000000068e+02 3.576600000000000250e+02 3.576600000000000250e+02 3.576700000000000159e+02 3.576700000000000159e+02 3.576899999999999977e+02 3.576999999999999886e+02 3.577099999999999795e+02 3.576999999999999886e+02 3.576899999999999977e+02
3.575000000000000000e+02 3.575299999999999727e+02 3.575600000000000023e+02 3.575899999999999750e+02 3.576299999999999955e+02 3.576600000000000250e+02 3.576800000000000068e+02 3.576800000000000068e+02 3.576700000000000159e+02 3.576600000000000250e+02 3.576299999999999955e+02 3.576399999999999864e+02 3.576100000000000136e+02 3.576000000000000227e+02 3.576200000000000045e+02 3.576100000000000136e+02 3.576200000000000045e+02 3.576299999999999955e+02 3.576399999999999864e+02 3.576100000000000136e+02 3.576399999999999864e+02 3.576299999999999955e+02 3.576399999999999864e+02 3.576499999999999773e+02 3.576700000000000159e+02 3.576499999999999773e+02 3.576700000000000159e+02 3.576800000000000068e+02 3.576399999999999864e+02 3.576600000000000250e+02 3.576600000000000250e+02 3.576800000000000068e+02 3.576800000000000068e+02 3.576999999999999886e+02 3.577099999999999795e+02 3.577200000000000273e+02 3.576899999999999977e+02
3.574499999999999886e+02 3.575099999999999909e+02 3.575500000000000114e+02 3.575899999999999750e+02 3.576299999999999955e+02 3.576499999999999773e+02 3.576499999999999773e+02 3.576399999999999864e+02 3.576499999999999773e+02 3.576000000000000227e+02 3.576100000000000136e+02 3.576000000000000227e+02 3.576000000000000227e+02 3.575899999999999750e+02 3.575899999999999750e+02 3.575799999999999841e+02 3.575799999999999841e+02 3.575799999999999841e+02 3.575899999999999750e+02 3.576100000000000136e+02 3.576000000000000227e+02 3.576200000000000045e+02 3.576200000000000045e+02 3.576299999999999955e+02 3.576299999999999955e+02 3.576499999999999773e+02 3.576700000000000159e+02 3.576499999999999773e+02 3.576499999999999773e+02 3.576399999999999864e+02 3.576800000000000068e+02 3.576700000000000159e+02 3.576800000000000068e+02 3.576999999999999886e+02 3.576800000000000068e+02 3.576899999999999977e+02 3.576800000000000068e+02
3.575000000000000000e+02 3.575299999999999727e+02 3.575500000000000114e+02 3.575899999999999750e+02 3.576100000000000136e+02 3.576499999999999773e+02 3.576499999999999773e+02 3.576399999999999864e+02 3.576399999999999864e+02 3.576499999999999773e+02 3.576299999999999955e+02 3.576200000000000045e+02 3.576100000000000136e+02 3.576000000000000227e+02 3.576000000000000227e+02 3.576000000000000227e+02 3.576000000000000227e+02 3.575899999999999750e+02 3.576100000000000136e+02 3.576200000000000045e+02 3.576299999999999955e+02 3.576299999999999955e+02 3.576299999999999955e+02 3.576499999999999773e+02 3.576499999999999773e+02 3.576600000000000250e+02 3.576399999999999864e+02 3.576299999999999955e+02 3.576399999999999864e+02 3.576499999999999773e+02 3.576700000000000159e+02 3.576499999999999773e+02 3.576700000000000159e+02 3.576999999999999886e+02 3.576700000000000159e+02 3.576800000000000068e+02 3.576700000000000159e+02
3.574599999999999795e+02 3.575099999999999909e+02 3.575299999999999727e+02 3.575699999999999932e+02 3.576200000000000045e+02 3.576399999999999864e+02 3.576399999999999864e+02 3.576499999999999773e+02 3.576499999999999773e+02 3.576299999999999955e+02 3.576399999999999864e+02 3.576200000000000045e+02 3.576299999999999955e+02 3.576000000000000227e+02 3.576200000000000045e+02 3.576200000000000045e+02 3.576000000000000227e+02 3.575899999999999750e+02 3.576100000000000136e+02 3.576200000000000045e+02 3.576200000000000045e+02 3.576100000000000136e+02 3.576399999999999864e+02 3.576499999999999773e+02 3.576399999999999864e+02 3.576700000000000159e+02 3.576299999999999955e+02 3.576499999999999773e+02 3.576399999999999864e+02 3.576399999999999864e+02 3.576700000000000159e+02 3.576600000000000250e+02 3.576899999999999977e+02 3.576899999999999977e+02 3.576899999999999977e+02 3.576700000000000159e+02 3.576399999999999864e+02
3.574399999999999977e+02 3.574599999999999795e+02 3.575400000000000205e+02 3.575500000000000114e+02 3.575799999999999841e+02 3.576100000000000136e+02 3.576299999999999955e+02 3.576200000000000045e+02 3.576100000000000136e+02 3.576000000000000227e+02 3.576000000000000227e+02 3.575899999999999750e+02 3.575899999999999750e+02 3.575899999999999750e+02 3.575699999999999932e+02 3.575600000000000023e+02 3.575500000000000114e+02 3.575500000000000114e+02 3.575699999999999932e+02 3.575699999999999932e+02 3.575699999999999932e+02 3.575799999999999841e+02 3.576000000000000227e+02 3.576000000000000227e+02 3.576399999999999864e+02 3.576499999999999773e+02 3.576399999999999864e+02 3.576200000000000045e+02 3.576299999999999955e+02 3.575899999999999750e+02 3.576100000000000136e+02 3.576399999999999864e+02 3.576499999999999773e+02 3.576399999999999864e+02 3.576499999999999773e+02 3.576100000000000136e+02 3.575899999999999750e+02
3.574200000000000159e+02 3.574700000000000273e+02 3.575299999999999727e+02 3.575400000000000205e+02 3.575799999999999841e+02 3.576100000000000136e+02 3.576100000000000136e+02 3.576100000000000136e+02 3.576200000000000045e+02 3.576100000000000136e+02 3.576100000000000136e+02 3.575600000000000023e+02 3.575699999999999932e+02 3.575600000000000023e+02 3.575299999999999727e+02 3.575299999999999727e+02 3.575299999999999727e+02 3.575099999999999909e+02 3.575199999999999818e+02 3.575299999999999727e+02 3.575500000000000114e+02 3.575500000000000114e+02 3.575799999999999841e+02 3.575799999999999841e+02 3.576000000000000227e+02 3.576000000000000227e+02 3.576100000000000136e+02 3.575799999999999841e+02 3.575600000000000023e+02 3.575699999999999932e+02 3.575799999999999841e+02 3.575899999999999750e+02 3.576399999999999864e+02 3.576299999999999955e+02 3.576100000000000136e+02 3.575899999999999750e+02 3.575500000000000114e+02
3.573799999999999955e+02 3.574300000000000068e+02 3.574700000000000273e+02 3.575000000000000000e+02 3.575400000000000205e+02 3.575699999999999932e+02 3.575799999999999841e+02 3.576000000000000227e+02 3.575799999999999841e+02 3.575899999999999750e+02 3.575500000000000114e+02 3.575400000000000205e+02 3.575199999999999818e+02 3.575199999999999818e+02 3.575199999999999818e+02 3.575099999999999909e+02 3.575099999999999909e+02 3.575000000000000000e+02 3.574900000000000091e+02 3.575000000000000000e+02 3.574800000000000182e+02 3.574800000000000182e+02 3.575099999999999909e+02 3.575400000000000205e+02 3.575500000000000114e+02 3.575600000000000023e+02 3.575500000000000114e+02 3.575400000000000205e+02 3.575299999999999727e+02 3.575400000000000205e+02 3.575500000000000114e+02 3.575500000000000114e+02 3.575799999999999841e+02 3.575799999999999841e+02 3.575899999999999750e+02 3.575299999999999727e+02 3.575099999999999909e+02
3.573199999999999932e+02 3.573600000000000136e+02 3.573899999999999864e+02 3.574599999999999795e+02 3.575000000000000000e+02 3.575000000000000000e+02 3.575400000000000205e+02 3.575299999999999727e+02 3.575299999999999727e+02 3.575299999999999727e+02 3.575199999999999818e+02 3.575099999999999909e+02 3.575000000000000000e+02 3.574599999999999795e+02 3.574499999999999886e+02 3.574399999999999977e+02 3.574499999999999886e+02 3.574300000000000068e+02 3.574499999999999886e+02 3.574499999999999886e+02 3.574499999999999886e+02 3.574599999999999795e+02 3.574700000000000273e+02 3.575000000000000000e+02 3.575099999999999909e+02 3.575099999999999909e+02 3.575099999999999909e+02 3.575099999999999909e+02 3.574900000000000091e+02 3.574800000000000182e+02 3.574700000000000273e+02 3.575000000000000000e+02 3.575199999999999818e+02 3.575199999999999818e+02 3.575000000000000000e+02 3.574700000000000273e+02 3.574800000000000182e+02
3.572699999999999818e+02 3.573100000000000023e+02 3.573799999999999955e+02 3.574300000000000068e+02 3.574499999999999886e+02 3.574800000000000182e+02 3.575099999999999909e+02 3.575099999999999909e+02 3.574900000000000091e+02 3.575000000000000000e+02 3.574700000000000273e+02 3.574599999999999795e+02 3.574599999999999795e+02 3.574399999999999977e+02 3.574300000000000068e+02 3.573999999999999773e+02 3.574200000000000159e+02 3.574100000000000250e+02 3.574100000000000250e+02 3.573999999999999773e+02 3.573899999999999864e+02 3.574300000000000068e+02 3.574399999999999977e+02 3.574399999999999977e+02 3.574599999999999795e+02 3.574800000000000182e+02 3.574700000000000273e+02 3.574399999999999977e+02 3.574399999999999977e+02 3.574499999999999886e+02 3.574499999999999886e+02 3.574700000000000273e+02 3.575099999999999909e+02 3.574700000000000273e+02 3.575000000000000000e+02 3.574499999999999886e+02 3.574599999999999795e+02
3.571800000000000068e+02 3.572400000000000091e+02 3.572900000000000205e+02 3.573299999999999841e+02 3.573899999999999864e+02 3.574200000000000159e+02 3.574700000000000273e+02 3.574399999999999977e+02 3.574599999999999795e+02 3.574100000000000250e+02 3.574200000000000159e+02 3.574100000000000250e+02 3.573999999999999773e+02 3.573799999999999955e+02 3.573700000000000045e+02 3.573600000000000136e+02 3.573500000000000227e+02 3.573700000000000045e+02 3.573500000000000227e+02 3.573500000000000227e+02 3.573500000000000227e+02 3.573999999999999773e+02 3.573999999999999773e+02 3.574399999999999977e+02 3.574599999999999795e+02 3.574499999999999886e+02 3.574399999999999977e+02 3.574200000000000159e+02 3.573999999999999773e+02 3.574200000000000159e+02 3.573999999999999773e+02 3.574200000000000159e+02 3.574300000000000068e+02 3.574200000000000159e+02 3.574399999999999977e+02 3.574399999999999977e+02 3.574300000000000068e+02
3.570899999999999750e+02 3.571600000000000250e+02 3.572099999999999795e+02 3.572699999999999818e+02 3.573000000000000114e+02 3.573399999999999750e+02 3.573600000000000136e+02 3.573500000000000227e+02 3.573600000000000136e+02 3.573500000000000227e+02 3.573500000000000227e+02 3.573100000000000023e+02 3.573000000000000114e+02 3.573000000000000114e+02 3.572900000000000205e+02 3.572900000000000205e+02 3.572799999999999727e+02 3.572699999999999818e+02 3.572900000000000205e+02 3.572799999999999727e+02 3.572900000000000205e+02 3.572799999999999727e+02 3.573199999999999932e+02 3.573500000000000227e+02 3.573299999999999841e+02 3.573700000000000045e+02 3.573600000000000136e+02 3.573600000000000136e+02 3.573399999999999750e+02 3.573399999999999750e+02 3.573500000000000227e+02 3.573799999999999955e+02 3.573700000000000045e+02 3.573799999999999955e+02 3.573799999999999955e+02 3.573899999999999864e+02 3.573899999999999864e+02
3.570199999999999818e+02 3.570699999999999932e+02 3.571499999999999773e+02 3.572200000000000273e+02 3.572300000000000182e+02 3.572699999999999818e+02 3.573199999999999932e+02 3.573199999999999932e+02 3.573100000000000023e+02 3.573000000000000114e+02 3.572799999999999727e+02 3.572599999999999909e+02 3.572300000000000182e+02 3.572200000000000273e+02 3.572300000000000182e+02 3.572099999999999795e+02 3.572200000000000273e+02 3.572099999999999795e+02 3.571999999999999886e+02 3.572200000000000273e+02 3.571899999999999977e+02 3.572099999999999795e+02 3.572500000000000000e+02 3.572599999999999909e+02 3.573000000000000114e+02 3.573199999999999932e+02 3.573000000000000114e+02 3.572900000000000205e+02 3.572799999999999727e+02 3.572900000000000205e+02 3.573000000000000114e+02 3.573299999999999841e+02 3.573299999999999841e+02 3.573299999999999841e+02 3.573299999999999841e+02 3.573299999999999841e+02 3.573399999999999750e+02
3.569599999999999795e+02 3.570199999999999818e+02 3.570799999999999841e+02 3.571399999999999864e+02 3.571700000000000159e+02 3.572200000000000273e+02 3.572500000000000000e+02 3.572599999999999909e+02 3.572300000000000182e+02 3.572200000000000273e+02 3.572099999999999795e+02 3.572099999999999795e+02 3.571800000000000068e+02 3.571399999999999864e+02 3.571299999999999955e+02 3.571299999999999955e+02 3.571200000000000045e+02 3.571299999999999955e+02 3.571499999999999773e+02 3.571499999999999773e+02 3.571399999999999864e+02 3.571800000000000068e+02 3.571899999999999977e+02 3.571999999999999886e+02 3.572500000000000000e+02 3.572500000000000000e+02 3.572400000000000091e+02 3.572400000000000091e+02 3.572500000000000000e+02 3.572599999999999909e+02 3.572599999999999909e+02 3.572799999999999727e+02 3.573100000000000023e+02 3.573000000000000114e+02 3.573199999999999932e+02 3.573199999999999932e+02 3.573000000000000114e+02
