SOC_LEM/input/stinson_NDVI.txt
ncols         356
nrows         258
xllcorner     391312.9646857
yllcorner     4765958.4027697
cellsize      3
NODATA_value  -9999
[rows 240 to 255 of 258, columns 148 to 184 of 356]
-8.041760722347633672e-02 -7.922313818639091509e-02 -8.420473307649974093e-02 -8.282166734888800341e-02 -7.527173913043476439e-02 -6.760984900013604360e-02 -6.724748162265178908e-02 -7.530981887511914441e-02 -8.198980294887697751e-02 -8.592985887941870238e-02 -8.910614525139665121e-02 -9.100952907057036079e-02 -9.098405717427157646e-02 -9.418396810119618323e-02 -1.050968539634565269e-01 -1.090884015997793388e-01 -1.050754458161865662e-01 -9.655638082376774567e-02 -8.973496569352890084e-02 -9.462219196732468696e-02 -1.041349744157101520e-01 -1.044404481947710656e-01 -9.770349232232641845e-02 -9.171241130004013919e-02 -8.712923728813558311e-02 -8.058608058608059121e-02 -7.086204654791312951e-02 -7.046281851274049934e-02 -8.046874999999995004e-02 -8.806670140698279192e-02 -9.043523586134999404e-02 -8.688245315161838289e-02 -8.402366863905325056e-02 -8.654848800834201439e-02 -8.664259927797826610e-02 -7.929969104016473813e-02 -7.495476867407595278e-02
-8.921249823271595880e-02 -8.672965731208574780e-02 -8.832630098452882994e-02 -9.172384820053212928e-02 -8.698076386952879879e-02 -7.519110493398191430e-02 -6.786703601108035055e-02 -7.203331020124913164e-02 -8.126410835214449568e-02 -9.324575182064827328e-02 -9.893238434163698081e-02 -9.503026890046456510e-02 -9.443978765018165578e-02 -1.019444444444444625e-01 -1.097832128960533477e-01 -1.026145628338487603e-01 -9.024252679075013550e-02 -8.408869055919672431e-02 -8.392091801465506595e-02 -8.982368457587115718e-02 -1.014695591322603424e-01 -1.069042316258351916e-01 -1.012951601908657212e-01 -9.302949061662202368e-02 -8.797032326444088890e-02 -8.414154652686763047e-02 -7.776617954070977334e-02 -8.107403545359744002e-02 -8.650700170134797973e-02 -8.342133051742343930e-02 -8.173775254192526540e-02 -8.847817538340541077e-02 -9.345183636125993509e-02 -9.143457698370990872e-02 -8.700802948532314340e-02 -7.682240544431354068e-02 -6.754658385093167960e-02
-1.020350480497455720e-01 -9.968935329003102142e-02 -9.692067546473673301e-02 -9.955846745477849036e-02 -9.759909077994030624e-02 -8.540875193471227089e-02 -7.520580438119156552e-02 -7.767807066741444499e-02 -9.062366205223347515e-02 -1.010944700460829904e-01 -9.658928059615932982e-02 -8.513953817821222347e-02 -8.690776562938043459e-02 -9.900851836335709810e-02 -1.052039381153305336e-01 -9.525171624713957286e-02 -8.205720889916205685e-02 -7.983373942955422631e-02 -8.299281386501340674e-02 -8.154986711428167945e-02 -8.513306395429839912e-02 -9.048340448973969663e-02 -8.962711864406779083e-02 -8.556866952789698999e-02 -8.562325766626840973e-02 -8.441986039773474726e-02 -8.110950440383857263e-02 -8.737864077669901808e-02 -9.500720744332324941e-02 -9.241270674717770583e-02 -8.585659981648970096e-02 -9.003507860205271773e-02 -9.387966804979248903e-02 -8.775617446137676247e-02 -8.131693772312574564e-02 -7.258909853249473354e-02 -6.197654941373535731e-02
-1.006189722182237317e-01 -9.684813753581658635e-02 -9.166072701354240071e-02 -8.907228229937393105e-02 -8.732074400113588875e-02 -8.092077390199127473e-02 -7.540799099606075584e-02 -8.146466080045418334e-02 -9.956709956709960951e-02 -1.083393763596809389e-01 -9.083057434863969770e-02 -7.005826346454449571e-02 -7.097680955727336816e-02 -8.569822983984266840e-02 -9.237744403513742375e-02 -8.877097375591568029e-02 -8.624170752812225504e-02 -8.759333716255025826e-02 -8.586787381524969842e-02 -7.462269424259361517e-02 -6.409008758515226389e-02 -6.650144568360183417e-02 -7.381275440976932389e-02 -7.797611058918263449e-02 -8.287880803512039096e-02 -8.311275807305452956e-02 -8.073710725175660408e-02 -8.511485858451732500e-02 -9.211222869242982614e-02 -9.155485398579318868e-02 -8.470588235294117252e-02 -8.306252437280639556e-02 -8.499284133801900121e-02 -8.431836091410559175e-02 -7.895083695795440670e-02 -6.957316277248400127e-02 -6.053580628541990749e-02
-9.512693317770645751e-02 -8.803021499128409200e-02 -7.987403378184938785e-02 -7.237309825110195549e-02 -7.180435091710500595e-02 -7.445752375549573310e-02 -7.570172951516875026e-02 -7.824838478104807760e-02 -9.064455114215046183e-02 -1.014198782961460849e-01 -9.010424103955447239e-02 -6.986591390261115420e-02 -6.413502109704644072e-02 -7.442451631125546196e-02 -8.169655565044124657e-02 -8.383577375825435052e-02 -8.666186012977644681e-02 -8.976016085020824264e-02 -9.034356001696591809e-02 -8.233324030142334660e-02 -6.972222222222222709e-02 -6.743737957610791700e-02 -7.117631078511273135e-02 -7.520516615094845203e-02 -8.041677798557307633e-02 -8.440781603083875873e-02 -8.299973311982919433e-02 -8.097928436911483452e-02 -8.248253627082209605e-02 -8.213716108452950859e-02 -7.696355742665440813e-02 -7.452521283562538179e-02 -7.934014139827180734e-02 -8.516771488469601636e-02 -8.122956180510138013e-02 -6.895208414491624249e-02 -6.027820710973721269e-02
-8.190032060623722576e-02 -7.842281390950092690e-02 -7.584027578282102888e-02 -6.946227357010413550e-02 -7.017793594306043214e-02 -7.604832977967311558e-02 -7.957295373665483618e-02 -7.977576541612761696e-02 -8.664834370027479915e-02 -9.865213650702606141e-02 -9.963204075856209319e-02 -8.834718895307877573e-02 -7.968352641989265295e-02 -8.054452637549634753e-02 -8.157444381061040861e-02 -8.040345821325646514e-02 -8.434782608695648443e-02 -9.135446685878961803e-02 -9.361702127659572714e-02 -9.126484975541584999e-02 -8.337965536409111533e-02 -7.860201685315655606e-02 -7.805878332194125802e-02 -7.543835802636941756e-02 -7.304512806613361331e-02 -7.686095032978863817e-02 -7.675704842843650288e-02 -7.478923035082946091e-02 -7.533595764897513258e-02 -7.612040133779261752e-02 -8.059232079675010540e-02 -8.437175493250252678e-02 -8.707536118703630701e-02 -9.199584199584195932e-02 -8.811369509043920356e-02 -7.542329399692146441e-02 -6.992739778372175641e-02
-7.271147161066049414e-02 -7.529069767441859407e-02 -7.870705899405709693e-02 -7.909523123469239247e-02 -8.077197998570410931e-02 -8.021695689409080732e-02 -7.864202836269873487e-02 -8.091822094691532297e-02 -8.728679948401892041e-02 -1.015069661643445698e-01 -1.101994624416466201e-01 -1.030561478322671864e-01 -9.365214916026186331e-02 -9.062499999999999722e-02 -8.561643835616439269e-02 -7.794457274826788185e-02 -8.604316546762585949e-02 -9.776576063754088830e-02 -9.406081273088943984e-02 -9.311170587406675248e-02 -9.141660851360787488e-02 -8.666666666666666963e-02 -8.318388743274936215e-02 -7.989056087551302254e-02 -7.721536165015603637e-02 -7.449392712550605145e-02 -6.933369374239761740e-02 -7.338709677419352762e-02 -8.209745762711864736e-02 -8.034545930384717760e-02 -8.294573643410846353e-02 -9.100243871133360807e-02 -9.725621538065187810e-02 -1.001287001287001904e-01 -9.709480122324158635e-02 -9.001760120693992617e-02 -8.463557944743090034e-02
-6.746495327102805528e-02 -7.487179487179486392e-02 -8.330888823701969315e-02 -8.547257876312722158e-02 -8.261120739456957740e-02 -7.935595169637721380e-02 -8.016635594435678192e-02 -8.503644419036732183e-02 -9.098687963491157438e-02 -1.026259758694108848e-01 -1.099416868155312227e-01 -1.040321423446692733e-01 -9.682972313871751613e-02 -9.350057012542757617e-02 -8.964143426294821082e-02 -8.541280479110224810e-02 -9.250602068281625623e-02 -9.858757062146888961e-02 -9.365214916026186331e-02 -9.212018140589568749e-02 -9.169574319609216650e-02 -9.083402146985961045e-02 -8.971911644395963448e-02 -8.859732179088326831e-02 -8.572964256920181936e-02 -7.900374933047667192e-02 -7.223928428361596488e-02 -7.580751483190510676e-02 -8.193331610235198015e-02 -7.759060745278199833e-02 -7.357987037743050907e-02 -8.234995558939225968e-02 -9.811368527661729066e-02 -1.046849349665361500e-01 -9.981167608286251047e-02 -9.400646605322060534e-02 -9.000866658412773336e-02
-6.817169166790432167e-02 -7.468879668049793752e-02 -8.120100576837750717e-02 -8.374963267704969849e-02 -8.175734652313060291e-02 -7.919075144508669339e-02 -8.270030098896376247e-02 -8.624376336421954448e-02 -8.677626876340244211e-02 -9.216192937123168782e-02 -9.802792572333385301e-02 -9.615939936471272487e-02 -8.980652613341028045e-02 -8.606793321819224130e-02 -8.469241773962805919e-02 -8.431679226503627222e-02 -8.859686307757524970e-02 -9.744746862219712258e-02 -1.026368018145732419e-01 -1.024954180177640034e-01 -9.870416322029221257e-02 -9.547602970965567148e-02 -9.345420610585251919e-02 -9.170305676855891597e-02 -8.526927138331572009e-02 -7.643647865050082202e-02 -7.392894461859976507e-02 -7.937323400976106780e-02 -8.164037854889595602e-02 -7.381546134663342917e-02 -6.887120835405274866e-02 -7.820880628664088341e-02 -9.220389805097452263e-02 -9.685471792311532713e-02 -8.775433778554483921e-02 -7.603657772767130618e-02 -7.134767836919594930e-02
-6.943816839885527670e-02 -7.054938456919845891e-02 -7.437275985663083233e-02 -7.931340633323467892e-02 -8.131868131868137672e-02 -8.231529959278648112e-02 -8.726958525345616946e-02 -8.955650929899856838e-02 -8.513085993672701857e-02 -8.235294117647055934e-02 -8.746907291515065852e-02 -9.220063786604813794e-02 -9.303331890956294259e-02 -9.260321100917430492e-02 -8.808437856328392435e-02 -8.181818181818184543e-02 -8.231966053748233925e-02 -9.506449803701630397e-02 -1.041433370660694441e-01 -1.023359288097886732e-01 -9.975603144483601026e-02 -9.650053022269348968e-02 -9.523187459177004377e-02 -9.577355564172167213e-02 -9.069886947584791803e-02 -7.889672867222574659e-02 -7.245638609448616652e-02 -7.964379781763450405e-02 -8.652411735454994257e-02 -7.659733466185079942e-02 -6.724890829694327166e-02 -7.577824631030634361e-02 -8.430448797421272178e-02 -8.408893305179478139e-02 -7.844838269921923513e-02 -7.574067187306310345e-02 -7.653764249029187949e-02
-7.278195488721805884e-02 -7.023612573319298891e-02 -7.291510705195390629e-02 -7.852468768590124826e-02 -8.436578171091449474e-02 -8.875566603304579916e-02 -9.093550261475888408e-02 -8.800927939683915457e-02 -8.099461974698267397e-02 -7.469668177167081147e-02 -7.349926793557833016e-02 -7.638483965014576660e-02 -8.379081190407393354e-02 -8.984263233190271924e-02 -8.711098479465681499e-02 -8.308647199887150836e-02 -8.421936205931725150e-02 -8.860406798551129226e-02 -8.883319409635198616e-02 -8.868753432180120910e-02 -9.149106428380898715e-02 -9.017144352833396381e-02 -8.937823834196889639e-02 -9.123526396719633391e-02 -8.876788653919212568e-02 -7.444262501574507029e-02 -6.100928948029130106e-02 -6.571535861809993384e-02 -8.234114550695574575e-02 -8.539806313671240157e-02 -7.831098859792005873e-02 -7.794935145151328515e-02 -8.032424465733234431e-02 -8.170055452865063184e-02 -8.164775530340402654e-02 -8.357988165680471648e-02 -8.837440876275824697e-02
-6.869539017776440937e-02 -6.906906906906909449e-02 -7.348338053361157252e-02 -7.737918766676549209e-02 -8.040201005025131298e-02 -8.644516318729789095e-02 -9.130816505706762509e-02 -8.560539431251835973e-02 -7.631463307455689515e-02 -7.048008171603678540e-02 -6.526806526806530617e-02 -6.378660481298931151e-02 -7.052752293577982390e-02 -7.742670082550530408e-02 -7.943726019610633515e-02 -8.641975308641976217e-02 -9.060727624844376604e-02 -8.647083160943319635e-02 -7.893649262983885861e-02 -7.679804957334414317e-02 -8.091723774380601975e-02 -8.232853623752101058e-02 -8.475012879958777889e-02 -8.763413387838531188e-02 -8.318584070796465613e-02 -6.608040201005029035e-02 -5.409119300437219280e-02 -6.048487878030498616e-02 -8.185590343266690994e-02 -9.655519235604727302e-02 -8.791619902731009906e-02 -7.150769230769232765e-02 -6.952264381884942779e-02 -7.882077217219686516e-02 -8.693492300049673882e-02 -8.885579548275002182e-02 -8.628181253879574353e-02
-6.752895172206349605e-02 -6.730769230769234612e-02 -7.036374478234945495e-02 -7.453874538745387801e-02 -7.755581668625145808e-02 -8.401639344262298859e-02 -9.350007270612185895e-02 -9.146341463414635331e-02 -7.524059492563428542e-02 -6.462882096069871851e-02 -6.135412155334204337e-02 -5.931113334286120670e-02 -6.777277840269967102e-02 -7.879636109167247049e-02 -8.496547837114275248e-02 -9.410779111979898637e-02 -9.772165797419705979e-02 -9.613559322033900234e-02 -9.280835676978710369e-02 -8.681333157686732527e-02 -7.874220374220369800e-02 -7.614998067259370895e-02 -8.330134357005762602e-02 -8.758568164508762077e-02 -8.136614766449019875e-02 -6.618651434248110088e-02 -5.780845556514237898e-02 -6.084590650507049753e-02 -7.549043953315123789e-02 -8.778011637984396709e-02 -7.795100222717149530e-02 -6.137540054227261926e-02 -6.210798179805682162e-02 -7.751648625108871482e-02 -8.884973571608359433e-02 -8.473301579343191225e-02 -7.254974663206033292e-02
-6.771745475773499612e-02 -7.045554416288268840e-02 -6.648975379625531035e-02 -6.749007498897217905e-02 -7.790883937672926640e-02 -8.776518453937803832e-02 -9.341856748510825315e-02 -8.893079936167121169e-02 -7.621113521330440121e-02 -7.007466973004021493e-02 -6.921105098262597677e-02 -6.677985285795128012e-02 -6.974789915966386755e-02 -7.870499581356402152e-02 -8.894803193724611090e-02 -9.743875278396439688e-02 -9.927625290181615880e-02 -9.681751040687527898e-02 -9.134233518665604845e-02 -8.491794738213075122e-02 -7.497741644083104340e-02 -7.380830343413631589e-02 -8.475864690231854626e-02 -9.015673981191224540e-02 -8.345752608047687926e-02 -6.989313352168036175e-02 -6.164717348927875595e-02 -6.064673581452105500e-02 -6.813186813186811186e-02 -7.590920185501581763e-02 -6.981317600786625388e-02 -6.148148148148148417e-02 -6.349795766802822372e-02 -7.473487211478478665e-02 -8.392924350771545361e-02 -7.939673438863267818e-02 -6.499877360804512394e-02
-9.999000000000000000e+03 -9.999000000000000000e+03 -9.999000000000000000e+03 -9.999000000000000000e+03 -9.999000000000000000e+03 -9.999000000000000000e+03 -9.999000000000000000e+03 -9.999000000000000000e+03 -9.999000000000000000e+03 -8.808290155440415270e-02 -8.793969849246224824e-02 -8.138394733155900063e-02 -7.599720083974806362e-02 -7.805760400723525672e-02 -8.385308385308387624e-02 -8.757412770652324430e-02 -9.014161220043573342e-02 -9.117686437274062639e-02 -8.600026340050044571e-02 -7.803992740471865641e-02 -7.223360655737702529e-02 -7.277353689567428452e-02 -7.775951447717796561e-02 -8.107429718875501512e-02 -7.994529404451074239e-02 -7.230997038499507867e-02 -6.421117249846530761e-02 -5.961562002693109041e-02 -5.899596921949433470e-02 -6.124448799608035732e-02 -6.405518600640551508e-02 -6.848977580684895150e-02 -6.890590269202274964e-02 -6.903843761661901390e-02 -7.292707292707294175e-02 -7.435961203680677145e-02 -6.923361717882269006e-02
-9.999000000000000000e+03 -9.999000000000000000e+03 -9.999000000000000000e+03 -9.999000000000000000e+03 -9.999000000000000000e+03 -9.999000000000000000e+03 -9.999000000000000000e+03 -9.999000000000000000e+03 -9.999000000000000000e+03 -9.999000000000000000e+03 -9.999000000000000000e+03 -9.999000000000000000e+03 -9.999000000000000000e+03 -9.999000000000000000e+03 -9.999000000000000000e+03 -9.999000000000000000e+03 -9.999000000000000000e+03 -9.999000000000000000e+03 -9.999000000000000000e+03 -9.999000000000000000e+03 -9.999000000000000000e+03 -9.999000000000000000e+03 -9.999000000000000000e+03 -9.999000000000000000e+03 -9.999000000000000000e+03 -9.999000000000000000e+03 -9.999000000000000000e+03 -9.999000000000000000e+03 -9.999000000000000000e+03 -9.999000000000000000e+03 -9.999000000000000000e+03 -9.999000000000000000e+03 -9.999000000000000000e+03 -9.999000000000000000e+03 -9.999000000000000000e+03 -9.999000000000000000e+03 -9.999000000000000000e+03
