SOC_LEM/input/willis_NDVI.txt
ncols         259
nrows         247
xllcorner     463439
yllcorner     4756390
cellsize      3
NODATA_value  -9999
[rows 64 to 79 of 247, columns 111 to 147 of 259]
-2.129295103389959934e-02 -2.413608152631980391e-02 -2.658392706657470780e-02 -3.111111111111106858e-02 -3.181610595219967752e-02 -3.160287987874197541e-02 -2.968192514992784581e-02 -2.683390345876090002e-02 -2.905256770082678686e-02 -3.446186472771341214e-02 -3.577383659239048719e-02 -3.539219401288368205e-02 -3.669586227725762928e-02 -3.276481149012569483e-02 -2.765321375186849742e-02 -3.107002121855110405e-02 -3.628939055397181063e-02 -3.342618384401116471e-02 -2.968774034763878647e-02 -2.796720557811658778e-02 -2.625770606591062289e-02 -3.042109995504273939e-02 -3.094749193311817706e-02 -2.804808242701770787e-02 -2.821448624368335170e-02 -2.674611973392464204e-02 -2.548643463962727007e-02 -2.883381727327978192e-02 -3.493246390312063077e-02 -3.775079197465685404e-02 -3.830010493179431680e-02 -3.792207792207790557e-02 -3.339123721289326274e-02 -2.854582693292366524e-02 -2.847677900235715334e-02 -2.935370900986947890e-02 -3.213852150022362963e-02
-2.431869065081446526e-02 -2.413157085766982554e-02 -2.265372168284788407e-02 -2.588996763754043001e-02 -2.780543852929908896e-02 -2.921829585436741192e-02 -2.888224929135061250e-02 -2.798165137614675585e-02 -3.111718275652704604e-02 -3.340891912320485824e-02 -2.796513830996586597e-02 -2.475813209415705929e-02 -2.996568814334727229e-02 -3.263915183642561446e-02 -2.879600937192959564e-02 -2.704354469060348681e-02 -2.921522921522925337e-02 -2.930115951112507652e-02 -2.892885066458174281e-02 -3.140830800405271239e-02 -3.202295107389318413e-02 -2.993645203276927569e-02 -2.710006756249534743e-02 -2.471315092674314026e-02 -2.510308905447446864e-02 -2.544728776106633394e-02 -2.431803764009302093e-02 -2.355072463768120156e-02 -2.935742147402993496e-02 -3.562049693623324520e-02 -3.433104459702686351e-02 -3.146230459732208412e-02 -2.826485213294950907e-02 -2.439659098302000492e-02 -2.138381032366430332e-02 -2.270088997807298212e-02 -2.716688227684348894e-02
-2.680027965509209839e-02 -2.500967866821523361e-02 -2.264767686201259525e-02 -2.434092853254527997e-02 -2.669341151056933009e-02 -2.912919837060944789e-02 -2.981404641155674731e-02 -2.877697841726615385e-02 -2.936935569553005346e-02 -2.851092792860927816e-02 -2.120866590649942221e-02 -1.800904283853169141e-02 -2.370904626716794153e-02 -2.786472249790057296e-02 -2.521008403361342520e-02 -2.127987663839629034e-02 -2.065081351689612016e-02 -2.284765594118111365e-02 -2.872517211363453948e-02 -3.934400378459355224e-02 -4.365545889176266486e-02 -3.593325572370975607e-02 -2.929897223500533068e-02 -2.739415893140144387e-02 -2.657757980697844635e-02 -2.586270056414386939e-02 -2.376626208300026619e-02 -2.014388489208632227e-02 -2.348212396869048257e-02 -2.914767233043240313e-02 -2.632473981361809282e-02 -2.094522019334054200e-02 -1.866169021594240793e-02 -1.871019108280254015e-02 -1.685541216750065935e-02 -2.085245901639342855e-02 -2.661596958174907226e-02
-2.569710224166216195e-02 -2.188643975387490406e-02 -2.037936980717981045e-02 -2.443609022556396393e-02 -3.084793055340260409e-02 -3.388786198398022892e-02 -3.132455937812664293e-02 -2.614028363357605647e-02 -2.424150022869337937e-02 -2.358490566037734285e-02 -1.893708002443494215e-02 -1.838037375990156375e-02 -2.246153846153844946e-02 -2.367634664010418930e-02 -2.084455041919851606e-02 -1.828366918229207619e-02 -1.796407185628743491e-02 -2.049571020019065951e-02 -2.889806287710381533e-02 -4.018315307491907712e-02 -4.360122554796133643e-02 -3.602756892230577629e-02 -2.888819487820116355e-02 -2.794935145151324768e-02 -2.743369556957212657e-02 -2.585299864722686095e-02 -2.265420560747662473e-02 -1.871994080651128572e-02 -2.011181296739998278e-02 -2.246551969287642267e-02 -1.855584126763499750e-02 -1.041453951398818231e-02 -1.040399945953245781e-02 -1.774988189242086845e-02 -2.044109736417433834e-02 -2.595051297525651640e-02 -2.983277591973245921e-02
-2.444832513097315932e-02 -2.113231351521841980e-02 -1.925808997632202577e-02 -2.408690176322416873e-02 -2.944622354135753226e-02 -2.932002495321276228e-02 -2.780590388659557113e-02 -2.477547228244036254e-02 -2.361111111111109662e-02 -2.319152203962523626e-02 -1.857656142496751095e-02 -1.882749119853053751e-02 -2.167751819226349311e-02 -2.171411033530268320e-02 -2.161617726814905882e-02 -2.186910006293265804e-02 -2.121236196075315661e-02 -2.236014959815389030e-02 -2.996284291248316883e-02 -3.557126030624265661e-02 -3.460207612456749071e-02 -3.025037516783821157e-02 -2.520608750792642863e-02 -2.637397346809852716e-02 -2.885665262829515895e-02 -2.933456847305847617e-02 -2.466384940453321059e-02 -1.929504709814645891e-02 -2.064237275504880731e-02 -2.022931424815598705e-02 -1.580521144809910947e-02 -9.444444444444411585e-03 -1.181805689157621950e-02 -2.096177558569665977e-02 -2.516411378555796080e-02 -3.002119948027076254e-02 -2.880207977013063067e-02
-2.366430836789467154e-02 -2.445673963595540457e-02 -2.448719987279375510e-02 -2.608695652173911167e-02 -2.305384493920731998e-02 -1.698682330528656845e-02 -2.024035420619860887e-02 -2.513113598997891371e-02 -2.684144818976284472e-02 -2.418229731824521681e-02 -1.661282879556992206e-02 -1.708943214039390646e-02 -2.162245054439502351e-02 -2.163498686447225261e-02 -2.346018046292662820e-02 -2.703564877581942152e-02 -2.580128205128203248e-02 -2.548582351067217242e-02 -3.211081378876124576e-02 -3.430988563371457217e-02 -2.976237467435064593e-02 -2.595128164305045282e-02 -2.341619887730552255e-02 -2.787372479717243820e-02 -3.323214571017730351e-02 -3.267350345814448720e-02 -2.767673572671197971e-02 -2.485778851398743119e-02 -2.716727716727714015e-02 -2.356197172563398098e-02 -1.732076299057224919e-02 -1.629502572898799961e-02 -2.097705194988032026e-02 -2.497209821428575394e-02 -3.061580305460633727e-02 -3.789149888143175660e-02 -3.416951994968905892e-02
-3.028291711607065256e-02 -3.140549800146834325e-02 -2.976046455359307452e-02 -2.507008410092109035e-02 -1.889511609287430546e-02 -1.436712416726866441e-02 -1.833253626653914489e-02 -2.372881355932202410e-02 -2.591809568553759754e-02 -2.101167315175096750e-02 -1.228806968424322847e-02 -1.534148430807564037e-02 -2.277335829043837176e-02 -2.069289857344411288e-02 -1.962646407090851836e-02 -2.651181417701239593e-02 -2.967430639324484393e-02 -2.884999600415565080e-02 -3.238035065550468744e-02 -3.499803381832482935e-02 -3.145551065684173281e-02 -2.682790101705771757e-02 -2.724553318780820882e-02 -3.421436679098429495e-02 -3.756476683937825384e-02 -3.251900986895327889e-02 -2.857142857142854278e-02 -3.016830739917431004e-02 -3.181146457182860293e-02 -2.861927233977771060e-02 -2.221891952143864590e-02 -2.131684248817751134e-02 -2.353193619912736720e-02 -2.105709440361785284e-02 -2.739531582682750224e-02 -3.886976477337922287e-02 -3.997699165947655314e-02
-4.045853000674309863e-02 -3.596403596403591196e-02 -2.899983522820890128e-02 -2.002451982018798801e-02 -1.715307698561086350e-02 -1.886486924135698240e-02 -2.062187852424681930e-02 -2.299217627335142095e-02 -2.434397723680049516e-02 -2.064850435738399895e-02 -1.567793271882141418e-02 -1.954863318499682617e-02 -2.394253790901834655e-02 -1.938262742282843148e-02 -1.688435807582033821e-02 -2.589100207767298933e-02 -3.352359514430423154e-02 -3.124748975821347446e-02 -3.002787733970526535e-02 -3.328578221588202740e-02 -3.350576999602064565e-02 -2.996224596353117692e-02 -3.275498621696127516e-02 -3.827712312068266148e-02 -3.748782862706914742e-02 -3.129826843346072973e-02 -2.754977651361240412e-02 -2.871390653904927828e-02 -2.947667087011352979e-02 -2.825467703441370340e-02 -2.403846153846158837e-02 -2.474333407194029971e-02 -2.743214727497638589e-02 -2.186536669295288671e-02 -2.448156682027654088e-02 -3.296382730455077459e-02 -3.522160258291753138e-02
-4.108421411524037364e-02 -3.283683141503050684e-02 -2.777313033294292327e-02 -2.378985626961836047e-02 -2.161808057648214459e-02 -2.187397975840678702e-02 -2.112733501916959009e-02 -1.995457495133030890e-02 -1.921376316424150410e-02 -1.981147148106726652e-02 -1.968945093644949851e-02 -1.968376895772830371e-02 -2.089407191448007864e-02 -1.993704092339979375e-02 -2.141997593261130844e-02 -2.969502407704651889e-02 -3.443258971871971524e-02 -2.988096202121633474e-02 -2.757175104804899385e-02 -3.103392828429004172e-02 -3.330115830115833175e-02 -3.312962367320684831e-02 -3.683998387746877795e-02 -3.796648587387680546e-02 -3.502641202763107087e-02 -2.953931756812049059e-02 -2.396979149564930703e-02 -2.256251527246076749e-02 -2.376016584276828894e-02 -2.219129359004096830e-02 -1.641566265060235077e-02 -1.992686021344876324e-02 -2.831307441446780093e-02 -2.818141787758693395e-02 -3.056639905722909750e-02 -3.239676773667434645e-02 -2.915365164361151742e-02
-3.189847367518439808e-02 -2.724331687382944636e-02 -3.060881264715771891e-02 -3.289036544850493932e-02 -2.773192472763285829e-02 -2.396442394795354064e-02 -2.181608627644685688e-02 -1.778542742398165136e-02 -1.627074520013010658e-02 -1.978271444786768724e-02 -2.227280117054144387e-02 -2.066824605832856890e-02 -2.139823587063051022e-02 -2.575351368917058043e-02 -3.203883495145634641e-02 -3.718772886321101978e-02 -3.513380397307504927e-02 -2.835136020976733798e-02 -2.629222629222634569e-02 -3.079047851165817376e-02 -3.460572169543725540e-02 -3.783000643915004901e-02 -4.154946556296713195e-02 -4.037543490573671651e-02 -3.582529036479635554e-02 -2.921459902342130391e-02 -2.590071392993522834e-02 -2.694266469525215604e-02 -2.606046026782132818e-02 -2.271493914256917865e-02 -1.671583087512291954e-02 -1.896162528216704252e-02 -2.464604090194027000e-02 -2.570981444220878445e-02 -2.892252360257758365e-02 -2.904002407463139243e-02 -2.640487474610701477e-02
-2.678955982427425747e-02 -2.854700854700860033e-02 -3.721874471324650852e-02 -3.880647053893220705e-02 -3.241936828069001686e-02 -3.062494812847535788e-02 -2.834410740924910369e-02 -2.200609906865572812e-02 -2.279809742496308883e-02 -2.683127572016458587e-02 -2.809917355371898198e-02 -2.530598742970557521e-02 -2.469237757040216794e-02 -2.776864935918499019e-02 -3.336604514229640078e-02 -3.764105098426819701e-02 -3.699383436093978128e-02 -3.209221328468359752e-02 -2.908972054257236151e-02 -3.261398669479152745e-02 -3.504653986240390678e-02 -3.743142949338498088e-02 -4.243304291707002129e-02 -4.539917160724436102e-02 -4.193389245189935860e-02 -3.349441759706710958e-02 -3.350881591042027818e-02 -4.030994971560465656e-02 -3.752405388069276343e-02 -2.951943297764627119e-02 -2.513258012451000806e-02 -2.714307621530437364e-02 -2.832343535861120420e-02 -2.645743309832459048e-02 -2.649611694837823023e-02 -2.701052952846021843e-02 -2.943189596167005220e-02
-3.324364204496133707e-02 -3.790489317711924488e-02 -4.434589800443458629e-02 -3.993920459343073409e-02 -3.307930659073774621e-02 -3.606010016694485149e-02 -3.756260434056755276e-02 -3.205447600066430036e-02 -3.109194925793877518e-02 -3.079876471079204953e-02 -2.914084742924130320e-02 -2.723475355054300051e-02 -2.710818250062554946e-02 -2.726970402394410589e-02 -2.983717662616741997e-02 -3.584140385729652628e-02 -4.047499581869878904e-02 -3.848728246318609825e-02 -3.363006923837779522e-02 -3.389417215313340892e-02 -3.362431296475916487e-02 -3.360258481421650456e-02 -4.122877930476960551e-02 -4.891348579799785490e-02 -4.471947194719470831e-02 -3.626336898395716296e-02 -3.671489504056203723e-02 -4.297099663133677888e-02 -4.122890799108563931e-02 -3.224302695983220779e-02 -2.671312427409985521e-02 -2.727060834434003392e-02 -2.823984526112182508e-02 -2.793209876543206738e-02 -2.871294791424808951e-02 -3.027487417731323724e-02 -3.563200737213939595e-02
-3.805625707567703714e-02 -4.228274967574578713e-02 -4.633832976445394908e-02 -4.008814306297144719e-02 -3.034888608659096904e-02 -3.185247275775351938e-02 -3.594470046082951648e-02 -3.138337936228969421e-02 -2.750293476438032264e-02 -2.617184212740888277e-02 -2.491582491582490164e-02 -2.748449807273334322e-02 -3.048525849828778028e-02 -2.982339220259910134e-02 -3.067484662576683632e-02 -3.536605519748796389e-02 -3.758523199733903447e-02 -3.497441918980125769e-02 -3.020720645751848177e-02 -2.769834136775885247e-02 -2.953518398967079975e-02 -3.259032751267405131e-02 -4.059932334461092973e-02 -5.053946621237929981e-02 -4.733630216064652757e-02 -3.725359171399927199e-02 -3.514164658968176036e-02 -3.494798439531861950e-02 -3.204367434132443515e-02 -2.946679139382604382e-02 -2.944622354135753226e-02 -2.825745682888544316e-02 -2.543633090709874339e-02 -2.591320636902908620e-02 -3.099561678146527804e-02 -3.469883292864418128e-02 -3.738172793547387546e-02
-3.819323334495983158e-02 -3.752491550394309455e-02 -3.959968941420068805e-02 -4.065180102915953025e-02 -3.624298111281268331e-02 -3.276473568653947427e-02 -2.967633459436734913e-02 -1.969989102187945720e-02 -1.657458563535913268e-02 -2.425106990014264108e-02 -2.895023915414950480e-02 -3.471874478384238266e-02 -3.687671689003573644e-02 -3.416742871394125997e-02 -3.424827929347370320e-02 -3.489910684750242853e-02 -3.286852589641429956e-02 -3.026249791004845258e-02 -2.665006226650060150e-02 -2.392032002612456965e-02 -2.905569007263926820e-02 -3.617758440093467309e-02 -4.258916351340471390e-02 -5.156968767653938995e-02 -5.099196589604849950e-02 -3.989361702127652842e-02 -3.403163037178102285e-02 -3.064384678076613466e-02 -2.482637502993532627e-02 -2.253743104806934031e-02 -2.846778645217251658e-02 -3.200316080600555668e-02 -2.893991821327465339e-02 -2.697193037478442731e-02 -3.227326266195527232e-02 -3.728121811474767455e-02 -3.387841326969722594e-02
-3.212780898876400892e-02 -2.890173410404622140e-02 -3.321097710190522301e-02 -4.305470992432809674e-02 -4.533333333333332965e-02 -3.768460363266001173e-02 -2.766333137139491416e-02 -1.524364847980010443e-02 -1.303012698149226892e-02 -2.435769102435767983e-02 -3.295236506215062228e-02 -3.948133987199727024e-02 -3.809682249209776078e-02 -3.483828053546182690e-02 -3.661878269534163399e-02 -3.437396213882425861e-02 -3.261774005658175241e-02 -3.366863413417569423e-02 -2.944078947368418062e-02 -2.635003253090441311e-02 -3.458329958694422029e-02 -4.413312818851727881e-02 -4.738878143133460480e-02 -4.996367745580754249e-02 -4.639344262295080207e-02 -3.844241922120954918e-02 -3.361691583381510445e-02 -3.030303030303034204e-02 -2.502017756255042746e-02 -2.132060461416069794e-02 -2.589768033047345000e-02 -3.195040534096324492e-02 -3.601326804612226679e-02 -3.679823871677937591e-02 -3.929719978037493622e-02 -4.140900195694715430e-02 -3.648489603766184169e-02
-2.603887997146422939e-02 -2.527011340298240122e-02 -3.105590062111806410e-02 -4.271400949200211683e-02 -4.464672735153878830e-02 -3.602526890899780676e-02 -3.002192612582227707e-02 -2.601734489659771402e-02 -2.456081924902171754e-02 -2.631137925255570484e-02 -2.909853249475887957e-02 -3.244689747449402278e-02 -2.965004593669085670e-02 -2.981345769487005540e-02 -3.455723542116626024e-02 -3.328077018839733364e-02 -3.403511691769987857e-02 -3.791153974060518933e-02 -3.265071140718812243e-02 -2.720259845716610850e-02 -3.616402970616727774e-02 -4.748851084415058738e-02 -5.119563472957795736e-02 -4.981460583588583069e-02 -4.111828660181476858e-02 -3.402926187736317332e-02 -3.277613897082926747e-02 -3.074407195421099623e-02 -2.599935001624964839e-02 -2.604082944864168081e-02 -3.180325242329564567e-02 -3.760000000000001535e-02 -4.632282712511944650e-02 -5.085013839462242113e-02 -4.929632832769868800e-02 -4.418238993710690149e-02 -3.949546708711076243e-02
