SOC_LEM/input/willis_elev_test.asc
ncols	150																																																																																																																																																				
nrows	210																																																																																																																																																				
xllcorner	0																																																																																																																																																				
yllcorner	0																																																																																																																																																				
cellsize	2.95302823																																																																																																																																																				
NODATA_value	-9999																																																																																																																																																				
[rows 0 to 27 of 210, columns 0 to 62 of 150]
386.6644 386.6689 386.655 386.6627 386.6606 386.6608 386.6309 386.5948 386.5708 386.5744 386.55 386.532 386.5429 386.5412 386.5108 386.4802 386.457 386.4507 386.4339 386.3923 386.3483 386.317 386.2882 386.2699 386.2659 386.243 386.2267 386.2622 386.3208 386.3483 386.3878 386.4842 386.5481 386.594 386.6681 386.7272 386.7552 386.7497 386.7092 386.6273 386.518 386.3874 386.2078 386.0229 385.7901 385.5593 385.2635 384.9603 384.6112 384.2444 383.909 383.602 383.2969 382.9994 382.701 382.4287 382.1332 381.7885 381.5084 381.2571 380.9904 380.7431 380.4681
386.651 386.6186 386.6138 386.6358 386.6392 386.6516 386.6257 386.6075 386.5871 386.5869 386.563 386.5301 386.5516 386.5476 386.5167 386.4995 386.48 386.4792 386.4556 386.4174 386.3502 386.3228 386.2898 386.2483 386.2496 386.2307 386.2039 386.2284 386.2625 386.2939 386.3458 386.409 386.4913 386.5383 386.6059 386.6615 386.6901 386.7281 386.7184 386.6473 386.5464 386.4219 386.2231 386.0194 385.8034 385.5861 385.2993 385.0001 384.6714 384.3088 383.9686 383.6536 383.3471 383.0438 382.7904 382.5235 382.2318 381.9334 381.6616 381.4101 381.1064 380.8062 380.4808
386.6433 386.5836 386.5901 386.6181 386.6331 386.644 386.6276 386.6148 386.6036 386.5934 386.5828 386.5587 386.5829 386.5609 386.5409 386.5259 386.511 386.4988 386.4619 386.4197 386.3601 386.3333 386.2964 386.237 386.2374 386.2167 386.1915 386.2076 386.2292 386.2554 386.3016 386.3405 386.4197 386.4767 386.5605 386.6215 386.6519 386.7075 386.7116 386.656 386.5547 386.4199 386.2151 386.0055 385.8193 385.6067 385.3394 385.0193 384.7011 384.346 384.0016 383.6743 383.3848 383.0781 382.8445 382.598 382.3287 382.0724 381.7981 381.5273 381.2068 380.8477 380.4585
386.6057 386.5529 386.5674 386.597 386.6251 386.6345 386.6161 386.6016 386.6057 386.5875 386.586 386.5927 386.6028 386.5695 386.5665 386.5381 386.5289 386.5005 386.4638 386.4113 386.3727 386.3207 386.2858 386.2272 386.2121 386.1803 386.166 386.1582 386.1781 386.195 386.2216 386.2809 386.3416 386.4163 386.5103 386.6027 386.6427 386.6894 386.7055 386.641 386.5473 386.3979 386.2245 386.0411 385.8295 385.6184 385.3749 385.0294 384.7008 384.3521 384.0132 383.6982 383.3899 383.1391 382.856 382.6381 382.3938 382.1378 381.875 381.6177 381.2732 380.8814 380.5542
386.5305 386.5065 386.5312 386.5751 386.6056 386.6042 386.5843 386.5863 386.59 386.5854 386.5814 386.5869 386.5842 386.5848 386.5727 386.5332 386.5318 386.5 386.4798 386.4333 386.3887 386.3208 386.2628 386.2035 386.1527 386.1367 386.1248 386.091 386.1178 386.1682 386.183 386.2046 386.3109 386.3947 386.4641 386.545 386.6145 386.6683 386.6711 386.612 386.5179 386.379 386.2068 386.0225 385.778 385.5558 385.3081 385.0265 384.697 384.3561 383.9757 383.6695 383.3764 383.1062 382.8856 382.6806 382.4494 382.1777 381.8419 381.5571 381.281 381.0267 380.823
386.48 386.463 386.4909 386.525 386.5732 386.5929 386.5881 386.5638 386.5849 386.5759 386.5703 386.5696 386.5924 386.5623 386.5651 386.5589 386.539 386.5179 386.4587 386.4174 386.373 386.3254 386.2635 386.1553 386.1207 386.0947 386.0472 386.0244 386.0344 386.0914 386.1351 386.1581 386.2137 386.3163 386.4003 386.4681 386.5448 386.6068 386.636 386.609 386.5181 386.3681 386.1931 385.9842 385.7433 385.5034 385.2648 384.991 384.6765 384.3091 383.9637 383.6556 383.3774 383.1327 382.8947 382.7109 382.4547 382.1608 381.8737 381.6489 381.4701 381.2528 381.0514
386.4278 386.4046 386.442 386.4846 386.5286 386.5558 386.562 386.5518 386.5569 386.5421 386.5396 386.538 386.5719 386.5584 386.5427 386.5476 386.5008 386.4951 386.4766 386.3983 386.3673 386.3121 386.249 386.1367 386.0771 386.0441 386.0081 386.0031 386.0309 386.0181 386.0657 386.1247 386.2008 386.292 386.3586 386.4403 386.4839 386.5648 386.5819 386.5598 386.4897 386.3698 386.1959 385.9672 385.7349 385.4723 385.2095 384.9649 384.6531 384.3091 383.9576 383.6445 383.368 383.12 382.8713 382.6791 382.447 382.1591 381.9083 381.7966 381.6699 381.4525 381.2761
386.3303 386.3275 386.3687 386.4225 386.48 386.5245 386.5051 386.4681 386.504 386.5097 386.5098 386.5188 386.5487 386.5341 386.522 386.5153 386.4736 386.4793 386.45 386.3889 386.3612 386.294 386.2237 386.1184 386.0471 386.0056 385.9687 385.9486 385.9733 385.9788 386.0627 386.1184 386.1686 386.2295 386.3083 386.3961 386.4393 386.4998 386.5227 386.5235 386.4694 386.3512 386.1906 385.9777 385.7185 385.4373 385.1666 384.9169 384.603 384.29 383.9199 383.6215 383.3677 383.0999 382.8813 382.6879 382.4734 382.2392 382.0583 381.9556 381.818 381.654 381.4872
386.2391 386.2519 386.2821 386.3478 386.3999 386.4458 386.4483 386.4245 386.4575 386.4755 386.4829 386.4747 386.5031 386.498 386.4814 386.4667 386.4404 386.4368 386.4044 386.3411 386.3185 386.2585 386.1789 386.0902 386.0068 385.9598 385.9174 385.888 385.914 385.9526 386.024 386.081 386.1312 386.1765 386.2438 386.3193 386.375 386.4215 386.4659 386.4866 386.4418 386.3235 386.1748 385.9825 385.6974 385.3984 385.1161 384.8487 384.5253 384.2225 383.8693 383.6062 383.3689 383.0978 382.9032 382.7306 382.5373 382.3588 382.2232 382.0884 381.9446 381.8211 381.6655
386.1759 386.1801 386.1978 386.2711 386.331 386.3665 386.3893 386.3889 386.4098 386.4324 386.4362 386.4255 386.456 386.4478 386.4343 386.4187 386.4034 386.3961 386.3535 386.2894 386.2648 386.2094 386.139 386.0398 385.9646 385.9183 385.8731 385.8448 385.8621 385.9035 385.9485 386.0261 386.0981 386.1292 386.1787 386.2444 386.295 386.3471 386.4106 386.4424 386.4025 386.2946 386.1562 385.9623 385.6788 385.3682 385.0572 384.7649 384.4398 384.1375 383.8328 383.6038 383.3672 383.1185 382.9211 382.7695 382.6152 382.46 382.3102 382.187 382.0735 381.9297 381.8126
386.116 386.102 386.115 386.1798 386.245 386.2704 386.301 386.3236 386.3542 386.3765 386.3748 386.3768 386.4057 386.3851 386.3909 386.3728 386.3515 386.347 386.292 386.2436 386.21 386.1492 386.0961 385.9716 385.9184 385.878 385.8333 385.8093 385.7982 385.8316 385.8928 385.9859 386.0562 386.0662 386.1151 386.1864 386.2209 386.2872 386.3555 386.4045 386.3675 386.2724 386.1432 385.9316 385.6663 385.3552 385.0241 384.6885 384.3776 384.0885 383.8124 383.592 383.3695 383.146 382.9651 382.8025 382.6761 382.5388 382.3983 382.2718 382.1596 382.0421 381.9556
386.0267 386.0098 386.0178 386.0642 386.1113 386.1357 386.1758 386.2284 386.2855 386.3063 386.3164 386.312 386.335 386.3189 386.3355 386.3107 386.2711 386.2487 386.2115 386.1713 386.1274 386.0709 386.008 385.9067 385.8416 385.8061 385.7624 385.7489 385.7258 385.785 385.8685 385.9362 385.9881 386.0102 386.0231 386.0852 386.1455 386.2424 386.3091 386.3829 386.3521 386.2911 386.1361 385.9302 385.6737 385.3494 385.0467 384.7201 384.3676 384.0497 383.7953 383.5667 383.3496 383.1357 382.9859 382.8086 382.6821 382.5323 382.3868 382.3138 382.2018 382.1171 382.0853
385.9095 385.9084 385.8909 385.9467 385.9896 386.0293 386.0587 386.1298 386.1874 386.2182 386.2408 386.2317 386.2609 386.2585 386.2226 386.2164 386.1966 386.165 386.1411 386.1122 386.0284 385.9723 385.9239 385.8322 385.7565 385.7334 385.6933 385.6885 385.6954 385.7383 385.8036 385.8374 385.8774 385.9001 385.9476 386.018 386.0935 386.1871 386.2826 386.3647 386.3493 386.3037 386.1751 385.9821 385.7182 385.4537 385.1284 384.8215 384.4505 384.1103 383.8213 383.5895 383.3592 383.1317 382.9837 382.788 382.6349 382.4756 382.3504 382.3044 382.2023 382.1311 382.1051
385.8043 385.7929 385.7748 385.8064 385.8619 385.8978 385.9283 386.0007 386.0822 386.1162 386.1259 386.13 386.1571 386.1415 386.1324 386.1162 386.1009 386.0974 386.0683 385.9984 385.9279 385.8715 385.8208 385.7589 385.7067 385.6785 385.6437 385.6343 385.6322 385.6752 385.7517 385.7733 385.8089 385.8335 385.8908 385.9821 386.0736 386.1507 386.2431 386.3267 386.3686 386.3406 386.2536 386.0657 385.8327 385.5813 385.2496 384.9341 384.569 384.2209 383.8892 383.6212 383.3591 383.1309 382.9481 382.7727 382.6189 382.444 382.3293 382.2835 382.1722 382.1179 382.1324
385.6999 385.6817 385.656 385.6905 385.7568 385.7684 385.809 385.8895 385.9449 385.9818 386.0186 386.0147 386.0496 386.0296 386.0152 386.0154 386.002 386.0135 385.9814 385.9019 385.8277 385.7689 385.7412 385.674 385.5918 385.5941 385.5799 385.5862 385.6021 385.6429 385.6761 385.749 385.7901 385.8182 385.866 385.9696 386.0577 386.1387 386.247 386.3313 386.375 386.3854 386.3337 386.1587 385.9557 385.7207 385.4048 385.0837 384.704 384.3273 383.9495 383.6422 383.356 383.0988 382.8815 382.7146 382.5807 382.4277 382.308 382.2554 382.1613 382.116 382.1357
385.603 385.5847 385.5645 385.5858 385.6344 385.6519 385.6954 385.7578 385.8174 385.8603 385.8992 385.9015 385.9203 385.9035 385.8937 385.9039 385.9037 385.8977 385.8755 385.7965 385.7244 385.6875 385.6578 385.5803 385.5056 385.5141 385.5152 385.5294 385.5469 385.5904 385.6229 385.7146 385.7492 385.7826 385.8213 385.9273 386.0169 386.1273 386.2428 386.3259 386.3817 386.4336 386.3859 386.2433 386.0785 385.8452 385.5453 385.2367 384.8512 384.4405 384.0159 383.6759 383.3652 383.0842 382.867 382.6846 382.548 382.4186 382.3023 382.2488 382.1583 382.1065 382.1183
385.4848 385.487 385.4743 385.4984 385.5365 385.5422 385.5905 385.6411 385.695 385.7401 385.7747 385.7658 385.782 385.7815 385.7815 385.7874 385.7946 385.7815 385.7583 385.688 385.631 385.6076 385.5706 385.501 385.4613 385.4526 385.4613 385.4694 385.4881 385.5368 385.5923 385.6679 385.699 385.7375 385.7875 385.8838 385.977 386.1127 386.2248 386.3145 386.395 386.4659 386.44 386.3402 386.2015 385.967 385.6665 385.3663 384.9821 384.5511 384.095 383.728 383.3895 383.0925 382.8942 382.695 382.5275 382.4106 382.3196 382.2572 382.1494 382.0809 382.093
385.3768 385.3829 385.3668 385.4108 385.4406 385.4271 385.4862 385.5388 385.5798 385.6346 385.6576 385.6366 385.6639 385.6632 385.6734 385.6814 385.6773 385.6823 385.6441 385.5844 385.5475 385.5217 385.4886 385.4385 385.4189 385.3992 385.4214 385.427 385.4578 385.5132 385.5721 385.6326 385.6765 385.7239 385.786 385.8773 385.9694 386.1061 386.2154 386.3185 386.4132 386.4786 386.5139 386.4525 386.317 386.1065 385.7923 385.4794 385.0737 384.6369 384.1803 383.7849 383.4179 383.0862 382.8766 382.6828 382.4956 382.4038 382.3369 382.2442 382.149 382.0714 382.0603
385.2947 385.2743 385.2483 385.3037 385.3171 385.3106 385.3758 385.4368 385.4786 385.5426 385.5502 385.543 385.5738 385.5453 385.5623 385.5847 385.5646 385.5883 385.542 385.4887 385.4631 385.436 385.4105 385.3744 385.3473 385.3404 385.388 385.4106 385.4451 385.5116 385.5588 385.6197 385.6758 385.7421 385.7727 385.8843 385.9818 386.1132 386.2169 386.3107 386.4382 386.5058 386.5373 386.5125 386.4043 386.2281 385.913 385.6106 385.1707 384.7279 384.2917 383.8593 383.443 383.1139 382.8796 382.6965 382.5272 382.4178 382.3241 382.2673 382.1421 382.0774 382.0723
385.1986 385.1662 385.1431 385.1807 385.1863 385.2131 385.2667 385.3371 385.3846 385.4157 385.4418 385.4425 385.4727 385.4527 385.4601 385.4619 385.4589 385.4781 385.4438 385.4078 385.3789 385.3281 385.3149 385.3121 385.3016 385.3032 385.3432 385.3625 385.4057 385.4803 385.5247 385.5905 385.642 385.7187 385.8084 385.8627 385.9814 386.1094 386.2199 386.3133 386.4433 386.5117 386.5545 386.5539 386.456 386.2907 386.0115 385.7141 385.2619 384.8451 384.3831 383.9237 383.5421 383.1695 382.9481 382.7636 382.581 382.4485 382.336 382.2543 382.1646 382.0889 382.078
385.0674 385.0713 385.0474 385.0677 385.0721 385.1158 385.1724 385.2003 385.2539 385.3173 385.3473 385.3663 385.3829 385.3622 385.3727 385.4045 385.3824 385.3922 385.3481 385.3212 385.3092 385.2925 385.2553 385.2303 385.2436 385.2614 385.3018 385.3389 385.3915 385.4555 385.5349 385.5985 385.6357 385.7012 385.7958 385.8748 385.983 386.1175 386.239 386.3508 386.4334 386.5199 386.5884 386.596 386.5105 386.36 386.1135 385.8245 385.3736 384.9291 384.472 384.0092 383.6106 383.2133 382.9772 382.777 382.6036 382.476 382.3542 382.2739 382.1772 382.1195 382.1022
384.9778 384.963 384.955 384.9613 384.9886 385.0372 385.0623 385.1207 385.1725 385.2132 385.2465 385.2608 385.2723 385.2501 385.2821 385.3109 385.2849 385.2989 385.2809 385.2534 385.2304 385.2064 385.1799 385.1958 385.1733 385.2123 385.2586 385.3067 385.3791 385.4686 385.5343 385.6041 385.6511 385.7064 385.7886 385.8935 386.0182 386.1275 386.2607 386.3698 386.4619 386.5349 386.6297 386.6243 386.5477 386.4255 386.2119 385.8994 385.4662 385.0228 384.563 384.093 383.6636 383.2825 383.0367 382.8349 382.6707 382.5372 382.4031 382.3248 382.2333 382.1752 382.1444
384.8723 384.8693 384.8601 384.8892 384.9128 384.9371 384.9773 385.0144 385.0653 385.1171 385.1564 385.1649 385.1647 385.1534 385.1934 385.2123 385.2149 385.2361 385.2129 385.1718 385.1499 385.1389 385.1293 385.1468 385.1132 385.168 385.2171 385.2729 385.3664 385.4507 385.5186 385.5886 385.6393 385.7209 385.7983 385.8965 386.027 386.1502 386.2787 386.378 386.4739 386.5574 386.6479 386.6425 386.593 386.4755 386.2866 385.9762 385.5597 385.1269 384.6459 384.1795 383.7481 383.3583 383.1114 382.9038 382.7345 382.5971 382.4682 382.3838 382.2857 382.2309 382.1808
384.798 384.7797 384.7577 384.7863 384.8129 384.8316 384.8746 384.9209 384.9775 385.0234 385.0612 385.0834 385.0725 385.0746 385.1146 385.122 385.1489 385.1753 385.1426 385.0968 385.084 385.0778 385.0734 385.0871 385.0798 385.1205 385.1693 385.2268 385.3284 385.4171 385.4967 385.5738 385.6281 385.7223 385.8038 385.9108 386.0543 386.1917 386.3124 386.4089 386.5046 386.6009 386.6612 386.6486 386.6148 386.5016 386.3164 386.048 385.6492 385.2262 384.7394 384.2806 383.8628 383.4407 383.1809 382.9643 382.7802 382.6478 382.528 382.4384 382.3275 382.2795 382.2157
384.714 384.6943 384.6814 384.7009 384.7231 384.733 384.7684 384.8305 384.9069 384.9382 384.972 385.0013 384.9952 385.0069 385.0425 385.0517 385.0826 385.1038 385.0735 385.0455 385.0362 385.0173 385.0092 385.0229 385.0492 385.0654 385.1258 385.1799 385.2747 385.3831 385.4678 385.5606 385.6328 385.7121 385.8011 385.9375 386.1028 386.2344 386.3527 386.4537 386.5642 386.6548 386.6935 386.6622 386.615 386.5238 386.33 386.1062 385.7224 385.3136 384.8602 384.3983 383.9738 383.5414 383.2563 383.0391 382.841 382.7173 382.5807 382.4951 382.4017 382.3375 382.274
384.6236 384.614 384.6172 384.6376 384.6447 384.6404 384.6765 384.7341 384.8275 384.8544 384.8973 384.9154 384.9213 384.9425 384.9709 384.9967 385.0264 385.0364 385.0046 385.0045 384.9967 384.9659 384.962 384.9607 384.9962 385.0153 385.103 385.1512 385.2368 385.3413 385.4232 385.5271 385.6245 385.7057 385.8065 385.933 386.0912 386.2435 386.3553 386.4581 386.5772 386.6761 386.7356 386.7283 386.6848 386.5867 386.4158 386.1969 385.801 385.4054 384.9778 384.5167 384.0773 383.6421 383.3784 383.137 382.9196 382.8069 382.6596 382.5608 382.4745 382.404 382.3189
384.5675 384.5338 384.5154 384.5294 384.5381 384.5501 384.5901 384.6512 384.7266 384.7478 384.8211 384.8466 384.8405 384.877 384.9021 384.9321 384.977 384.9962 384.933 384.9358 384.9496 384.9209 384.9373 384.9311 384.9601 385.0005 385.0772 385.1138 385.198 385.3022 385.3747 385.4989 385.581 385.6573 385.784 385.9095 386.0443 386.2154 386.3619 386.4775 386.6006 386.684 386.7763 386.7946 386.7472 386.6414 386.4759 386.2922 385.9041 385.5181 385.0764 384.6581 384.1963 383.7721 383.4976 383.2628 383.0623 382.9017 382.7378 382.6768 382.5768 382.4923 382.4254
384.4664 384.4483 384.4307 384.4201 384.4588 384.4867 384.5136 384.5739 384.6249 384.6451 384.7289 384.7755 384.7822 384.8097 384.8599 384.8762 384.9069 384.9414 384.9242 384.9229 384.8998 384.8955 384.9008 384.8933 384.8932 384.9345 384.9926 385.0356 385.1325 385.2198 385.3174 385.4217 385.5349 385.6219 385.7436 385.8885 386.0184 386.1887 386.3499 386.4754 386.6298 386.7248 386.8167 386.8181 386.7983 386.7173 386.593 386.3793 386.0344 385.6665 385.2178 384.7882 384.3644 383.9153 383.6487 383.3834 383.1845 383.0161 382.849 382.7712 382.6703 382.5697 382.522
