SOC_LEM/input/willis_NDVI.txt
ncols         259
nrows         247
xllcorner     463439
yllcorner     4756390
cellsize      3
NODATA_value  -9999
[rows 64 to 79 of 247, columns 74 to 110 of 259]
-1.857707509881422261e-02 -2.178822904211503292e-02 -1.908524743855888675e-02 -1.498784769106131093e-02 -1.384814789549083935e-02 -8.913878222709850641e-03 -6.470264317180656616e-03 -1.154830233040594206e-02 -1.152154179177427608e-02 -3.105590062111790190e-03 4.165195905400620804e-03 3.520878811351300887e-04 -1.136523081240349564e-02 -1.313868613138681474e-02 -8.353055826256408634e-03 -4.926801801801784439e-03 -7.019783024888360395e-03 -1.404413872169677467e-02 -2.121764491432737154e-02 -2.237268177803943686e-02 -1.934065934065934064e-02 -2.117299889339726432e-02 -2.954355585934529543e-02 -3.814055065907496350e-02 -3.492822966507171806e-02 -3.046184081231579494e-02 -2.795698924731180104e-02 -2.748830721260357018e-02 -2.913885723587827936e-02 -2.735955965679137333e-02 -2.489959839357428276e-02 -2.199984115638153881e-02 -2.653204977694299110e-02 -3.066056042847166083e-02 -2.529197927140534527e-02 -2.208588957055213770e-02 -2.083971805087342366e-02
-1.878526385662130163e-02 -2.239155136688721764e-02 -2.404105888708809799e-02 -2.594130864029410913e-02 -2.454700854700852392e-02 -1.281611952573506047e-02 -5.517241379310325322e-03 -9.370444922607032781e-03 -1.087948340001399991e-02 -2.617986273261152519e-03 1.095351776435889851e-02 1.294363256784964063e-02 1.935038009675183216e-03 -6.345957011258995632e-03 -1.235909276110283041e-02 -1.412700589768208642e-02 -1.248866252703546842e-02 -1.097335043465871157e-02 -1.482773658962059996e-02 -2.170406217920515385e-02 -2.282704126426688893e-02 -2.022207515258474600e-02 -2.447104886680224675e-02 -3.501704369383330101e-02 -3.641590800191657484e-02 -3.251296402996134427e-02 -3.019715497878708993e-02 -3.026294030097565618e-02 -3.020327545058016511e-02 -2.879581151832465158e-02 -2.559948152948806829e-02 -2.014284567851697474e-02 -2.164776782174291855e-02 -2.533929552051468470e-02 -2.392790553138593804e-02 -2.449922958397532727e-02 -2.430368027158396477e-02
-1.798416319957052423e-02 -2.015587207739859971e-02 -2.614113503995668664e-02 -2.866502866502862804e-02 -2.141882673942700072e-02 -7.509557618787583710e-03 -3.033227629946218338e-03 -7.936507936507908312e-03 -1.085118376550171619e-02 -5.893630618476220287e-03 9.026798307475349809e-03 1.691625069328896516e-02 9.896963123644216334e-03 4.979087831109382800e-03 6.599788806758159938e-04 -7.497656982193037951e-03 -1.120197924541271005e-02 -7.633587786259578983e-03 -9.088286208886292919e-03 -1.745962461807071611e-02 -2.072387624051371183e-02 -2.049812651531848773e-02 -2.573694448600932078e-02 -3.234729158663076504e-02 -3.338632750397452220e-02 -2.932503276539978262e-02 -2.820640451302469653e-02 -3.077050675955872797e-02 -3.149867374005300980e-02 -3.171073222963508020e-02 -2.733485193621873130e-02 -2.178473454897530623e-02 -2.257806244995996109e-02 -2.558821199397922838e-02 -2.422959303693254102e-02 -2.303068155203378750e-02 -2.488881953655306886e-02
-1.748915401301518596e-02 -2.054054054054059095e-02 -2.754914631657712915e-02 -2.893271940072843218e-02 -2.072467746362886831e-02 -9.006550218340642761e-03 -7.263258873509698468e-03 -1.037775010377752806e-02 -8.248287431846747578e-03 -9.875846501128631837e-04 1.141327321403412184e-02 2.243942731277531397e-02 2.485506763510358930e-02 3.138485680659082455e-02 3.328320146472242558e-02 1.668772023136759486e-02 -1.229172357279427344e-03 -5.552041605172515146e-03 -8.047133208794339174e-03 -1.385564018861075962e-02 -1.533541681808272238e-02 -1.813926272674078882e-02 -2.645659928656358961e-02 -2.959750437495240957e-02 -3.144654088050317237e-02 -3.338452833239029943e-02 -3.244837758112097820e-02 -3.147659854976924548e-02 -2.935582568428013114e-02 -2.503706143963101843e-02 -1.973255055446836506e-02 -1.982681880715384329e-02 -2.522898923348865577e-02 -2.783964365256122453e-02 -2.590837282780409159e-02 -2.425918609245356419e-02 -2.559659762148537229e-02
-1.718866770840410743e-02 -2.395128552097432889e-02 -2.739539321248463458e-02 -2.449766033581060251e-02 -2.241474147414740034e-02 -1.644265538650474534e-02 -9.817289337332998217e-03 -6.447187928669450424e-03 -6.902263942573140260e-04 9.610027855153168916e-03 2.223148534111439936e-02 3.819797815319898177e-02 5.364238410596024881e-02 6.521023886293347838e-02 6.162706030317067346e-02 3.767146202743391209e-02 8.409106446981642197e-03 -6.967415018650125955e-03 -1.174266983646707167e-02 -1.505345065813396867e-02 -1.745200698080279916e-02 -2.294986113141352438e-02 -3.194393212836587476e-02 -3.224841002618782787e-02 -3.161448741559234193e-02 -3.678034181302670957e-02 -3.679948689168605763e-02 -3.264382676147385004e-02 -2.768980917580191742e-02 -1.780632571753794705e-02 -1.321228823863171073e-02 -2.060273087177829851e-02 -2.977967879912844090e-02 -2.921999517024870263e-02 -2.777777777777775195e-02 -2.770618556701028370e-02 -2.568218298555375451e-02
-1.361880886238906602e-02 -2.253919128036066880e-02 -2.150683078587857858e-02 -1.500682128240110082e-02 -1.764223194748358939e-02 -1.726951319010062644e-02 -9.098316132536633100e-03 -1.365933615626275599e-04 8.719533127360141328e-03 1.944291230005515056e-02 3.752819741609131343e-02 6.281879194630875241e-02 8.200636942675160190e-02 8.469637772332958003e-02 6.684420772303595326e-02 3.695212407282534584e-02 1.030642595282564751e-02 -6.631961777080551401e-03 -1.451589490492083585e-02 -1.767658398195970718e-02 -2.098613027376370135e-02 -2.633690814912086411e-02 -3.135531135531131192e-02 -2.962853773584902053e-02 -2.883247210364715471e-02 -3.094362745098034814e-02 -2.771921605372066472e-02 -2.526962134928755627e-02 -2.557991738163328463e-02 -1.984952777333120338e-02 -1.673204707389321783e-02 -2.365108634650844865e-02 -3.040129712201057946e-02 -2.984095753402201193e-02 -3.354711396151951325e-02 -3.457380972027390004e-02 -2.724504074409414209e-02
-1.431078709329008068e-02 -2.113429641519527433e-02 -1.704011807325908970e-02 -9.836510413133402186e-03 -9.500375914154906426e-03 -9.438446390982577552e-03 -4.330761943429406458e-03 8.535336292249947471e-03 2.223445997108830161e-02 3.407917383820999180e-02 5.654741701174392787e-02 8.562325766626840973e-02 9.402270192244599478e-02 7.650812446549572210e-02 4.885383947069438237e-02 2.192381474376539977e-02 6.268930055645536605e-03 -4.037490987743316308e-03 -1.514710166035538805e-02 -2.110071785947362569e-02 -2.144502014968334772e-02 -2.182211019085342554e-02 -2.160560734157097873e-02 -2.143116600072647246e-02 -2.318415260454877516e-02 -2.028337061894108437e-02 -1.396054628224584551e-02 -1.561543172075935230e-02 -2.062335245774538084e-02 -2.177159474966595606e-02 -2.163955141367871968e-02 -2.337786259541983769e-02 -2.482154445165482906e-02 -2.632886239443614496e-02 -3.391246241229530639e-02 -4.015456989247313119e-02 -3.630252100840338642e-02
-2.043551088777217917e-02 -2.297396284211224854e-02 -1.789424301320286306e-02 -1.299054614704483850e-02 -7.286224910640674846e-03 -1.024380249948777253e-03 7.624234172906774534e-03 2.716083339063463803e-02 4.627461782123677009e-02 6.316004633099403520e-02 8.328308207705192867e-02 9.296515450361600430e-02 7.739533668604267613e-02 4.732278774240519792e-02 2.357817489977575079e-02 1.017563423473651259e-02 3.911528340800846798e-03 -3.958258366318806107e-03 -1.692218686722585935e-02 -2.359372752121994751e-02 -2.149466192170817330e-02 -1.952986293587102504e-02 -1.845386533665835035e-02 -1.968644856467892390e-02 -2.217741935483869345e-02 -1.916211293260473500e-02 -1.557770394979698589e-02 -1.731698253437384538e-02 -1.916691820102625968e-02 -2.110614697273146753e-02 -2.204908453447603292e-02 -2.328886081945211184e-02 -2.328966521106258167e-02 -2.381149921181447554e-02 -3.014482990906033541e-02 -4.046831254772207537e-02 -4.497916843805798565e-02
-1.601494728413185853e-02 -1.327109036345449668e-02 -7.596638655462157816e-03 -5.777989259737590678e-03 -2.196595277320208435e-03 6.317813487158398071e-03 2.384388098673810921e-02 5.085915395762888314e-02 7.211275314723596119e-02 8.499730167296278005e-02 8.988914117804192028e-02 7.525738957157093734e-02 4.311896034655117449e-02 1.738013119632109485e-02 6.095871432529764711e-03 1.343040927405098669e-03 -2.862458852153989966e-04 -6.601607347875981281e-03 -1.750625223294033708e-02 -2.160821820758057621e-02 -2.038807649043868769e-02 -2.127659574468084014e-02 -2.144772117962465141e-02 -2.063098192130449066e-02 -2.224749449143505545e-02 -2.395081146779149892e-02 -2.458366375892153538e-02 -2.514169452114522335e-02 -2.571681939107298837e-02 -2.433126794619916433e-02 -2.128967796479900795e-02 -2.308417085427134918e-02 -2.366147137204230658e-02 -2.085583714167012909e-02 -2.434077079107503649e-02 -3.368689011455243409e-02 -4.165601840020445590e-02
1.203047720892924406e-03 7.554990974125801000e-03 1.492537313432830588e-02 1.751775448089279777e-02 1.714832274373164281e-02 2.225590849583130790e-02 4.169250913100410599e-02 6.624562366993885787e-02 7.984998295260828383e-02 7.907039772342296102e-02 6.635167060411745199e-02 4.379512787637489246e-02 1.856258924321751297e-02 1.385617292503805585e-04 -7.063144511936752905e-03 -8.721761509865632103e-03 -9.861081119988448704e-03 -1.393277793737433129e-02 -1.994746929793425952e-02 -2.073700434356171018e-02 -1.940329647402461513e-02 -2.374010828821328592e-02 -2.561239444483219552e-02 -2.193167439898775425e-02 -2.156144306651633369e-02 -2.492761810606592895e-02 -2.522086064405811012e-02 -2.547081318998488733e-02 -3.057408900945813093e-02 -2.929745889387148222e-02 -2.443867420192452622e-02 -2.570148549870312008e-02 -2.471837263959800884e-02 -2.002670226969292810e-02 -2.068497795863004363e-02 -2.591113754141540632e-02 -3.213675213675217662e-02
2.395610278372594867e-02 3.027486389589691129e-02 3.538175046554934561e-02 3.584854994629430025e-02 3.460019070971256938e-02 3.697061663677748272e-02 4.796080325719413728e-02 5.838714109080916231e-02 5.685020966522305597e-02 4.866346812885539996e-02 3.673914525253901137e-02 1.503553854565337251e-02 -2.976396483699027522e-03 -1.109462228817753755e-02 -1.188771125751935699e-02 -8.793426553265069195e-03 -1.158077591198606107e-02 -1.816876122082585268e-02 -1.938394304645097224e-02 -1.754385964912280951e-02 -1.732673267326732824e-02 -2.171976704350803838e-02 -2.453818582850838398e-02 -2.324286708420324546e-02 -2.186823167749603336e-02 -2.198879551820733316e-02 -2.090986154280869216e-02 -2.138922669718862704e-02 -2.631006740595785362e-02 -2.544060172553644361e-02 -2.340731762745245151e-02 -2.854454203262237616e-02 -2.925682794391770356e-02 -2.618151401087409277e-02 -2.709149769977855712e-02 -3.026675786593711892e-02 -3.103240780538121454e-02
4.861203347058042773e-02 4.807059133412354412e-02 4.643306617208717985e-02 4.319160387513452243e-02 4.061156235069283277e-02 4.021521694143614239e-02 4.340001384370454490e-02 4.048246222098986213e-02 2.881403118040091679e-02 2.129725979882066134e-02 1.292954435455992944e-02 -6.795174039661604042e-03 -2.114549782943564091e-02 -1.949622883164934747e-02 -9.683666881859230233e-03 -1.731601731601725529e-03 -8.236994219653150789e-03 -2.146167557932262410e-02 -2.286351596263771352e-02 -1.937162023410226100e-02 -1.976230899830220059e-02 -1.997968167964780939e-02 -2.079498193222880167e-02 -2.465904394544700742e-02 -2.492384381057876144e-02 -2.097804945818281669e-02 -1.897892009244344508e-02 -2.005811893117867215e-02 -2.189047584870449856e-02 -2.077238150965476232e-02 -1.967583867320014945e-02 -2.664687036024072919e-02 -3.269137400873931010e-02 -3.536493604213689079e-02 -4.073789392774789658e-02 -4.516906134388711663e-02 -4.066447482263361307e-02
5.936858825865375111e-02 5.144224378572377632e-02 4.448171754444813636e-02 4.136947218259626885e-02 3.578542482313345346e-02 3.279822861887628921e-02 3.520099979171006227e-02 2.978427279053585952e-02 1.643471571438562609e-02 8.386916410399746641e-03 -1.538676738005309965e-03 -1.763011870478331175e-02 -2.633069082672703787e-02 -2.334240297866244443e-02 -1.424050632911393749e-02 -5.458985777905453994e-03 -1.055936073059363448e-02 -2.428722280887009310e-02 -2.909266809481033528e-02 -2.668930390492362664e-02 -2.323388780389255837e-02 -1.762648008611409842e-02 -1.762233970448692094e-02 -2.337662337662335665e-02 -2.292066977765576039e-02 -1.757045407565631032e-02 -1.746816062356462002e-02 -1.913706659134241372e-02 -1.954303779278631498e-02 -1.983629525846176272e-02 -1.871576384662203621e-02 -2.241447109712936883e-02 -3.018929503916453067e-02 -3.931307349103461274e-02 -4.806041881222106182e-02 -5.035971223021588894e-02 -4.370538046317256481e-02
4.833714824289749024e-02 4.108284587131000309e-02 3.296703296703297481e-02 2.938140783045478655e-02 2.339790321460811021e-02 2.024008933556677853e-02 1.875962480750384756e-02 1.185548930199925577e-02 3.516669011112661617e-03 -1.474201474201468961e-03 -9.493003304971487158e-03 -2.014470137608170494e-02 -2.684131415074078597e-02 -2.558558558558562609e-02 -2.276657060518736883e-02 -1.739626408099244348e-02 -1.407063458561982547e-02 -2.128544685571655271e-02 -2.924534733110637635e-02 -2.870974248638474488e-02 -1.769616026711184897e-02 -8.167090641317415953e-03 -1.216051884880417315e-02 -1.717699775952203495e-02 -1.207598371777478252e-02 -6.811989100817476828e-03 -1.113339326464285635e-02 -1.607898448519041665e-02 -1.813190782344867302e-02 -1.886229777081935635e-02 -1.785439433584731783e-02 -1.806030710478161508e-02 -2.178775577831165364e-02 -3.279808677827130564e-02 -4.184354154032740580e-02 -4.312833522876389353e-02 -4.154978962131838927e-02
3.064714735257896908e-02 2.392608425842926781e-02 1.616691999447285311e-02 1.429069362147084542e-02 1.176800224152419437e-02 8.911655322433481921e-03 1.689189189189183211e-03 -5.927180355630799757e-03 -1.062623972796828895e-02 -1.295758691496142791e-02 -1.570236242750036246e-02 -2.196630411601619218e-02 -2.926235959075619911e-02 -2.804141501294222377e-02 -2.694589378886423636e-02 -2.570946895195283174e-02 -1.668859497264732830e-02 -1.701633294608077829e-02 -2.614774484102980537e-02 -2.787363950092908160e-02 -1.464573162686370889e-02 -5.302226935312872452e-03 -1.099637924098158942e-02 -1.300101044122595542e-02 -5.727376861397459606e-03 -1.151527467316936946e-03 -4.750430292599013525e-03 -1.014227355965631808e-02 -1.492537313432830588e-02 -1.853658536585366112e-02 -1.947094872391590820e-02 -1.918599983944770451e-02 -2.158273381294963794e-02 -3.056918970119690618e-02 -3.582323716551900211e-02 -3.693931398416889361e-02 -3.628677118196233647e-02
1.117241379310347262e-02 4.219409282700406841e-03 -1.456613719913985245e-03 -8.399832003359902939e-04 1.609404520327472991e-03 0.000000000000000000e+00 -7.649659625236831552e-03 -1.092087648840980516e-02 -1.393034825870648197e-02 -1.711107942392699546e-02 -1.767838125665601931e-02 -2.293642927934303605e-02 -2.901627742392069720e-02 -2.436612755138072364e-02 -2.118466898954709035e-02 -2.428983120625769626e-02 -1.867825850709773500e-02 -1.567229434317610540e-02 -2.231668437832091609e-02 -2.851136512941796625e-02 -2.356416147029863004e-02 -1.936853276731227355e-02 -2.125947287237608258e-02 -1.729358724177376683e-02 -1.047934554796832105e-02 -6.671204901293373291e-03 -4.555494202098272355e-03 -6.860456892283793746e-03 -1.356080489938759660e-02 -1.853805576488319617e-02 -1.872717382858031174e-02 -1.860053144375554274e-02 -2.777310217135160048e-02 -3.729987018606658461e-02 -3.676534800454103746e-02 -3.462860163891095383e-02 -2.989443803778946487e-02
