SOC_LEM/input/willis_Fix_SOCI.txt
ncols         259
nrows         247
xllcorner     463439
yllcorner     4756390
cellsize      3
NODATA_value  -9999
[rows 68 to 84 of 247, columns 37 to 73 of 259]
4.251203317397196813e+00 4.268564435612288932e+00 4.216139106717967877e+00 4.098433105376491525e+00 3.950100357416664210e+00 3.798504274472067621e+00 3.653297184974064749e+00 3.534768566313568172e+00 3.403018301987430050e+00 3.250654412473776844e+00 3.244599036738648579e+00 3.401274049562934110e+00 3.515875284581932547e+00 3.522232598394380076e+00 3.537683897445395687e+00 3.608154636723108766e+00 3.716446505553852475e+00 3.835772795011521907e+00 3.884422621451891544e+00 3.887183709428684963e+00 3.913652566774057817e+00 3.982397627296279552e+00 4.071790738214643213e+00 4.063578706259606932e+00 3.990075421547309986e+00 4.002557250618417939e+00 4.157830815708578598e+00 4.392958211388531709e+00 4.555344172123351854e+00 4.586354424232865767e+00 4.608717341384307886e+00 4.754148951203635676e+00 4.892830694669468627e+00 4.860325889893912787e+00 4.752628991228339927e+00 4.654010397461496140e+00 4.619344887778233044e+00
4.201833807940397847e+00 4.204339957763581381e+00 4.193537351987391304e+00 4.094837214078717480e+00 3.947905382298035448e+00 3.807247838992509514e+00 3.666765966649968789e+00 3.553978247623648556e+00 3.428956034141377174e+00 3.301310835751150918e+00 3.294072854355750479e+00 3.385713101680552839e+00 3.470428282327628011e+00 3.482423350396803841e+00 3.476511693760180322e+00 3.544196525604998982e+00 3.699745508124630433e+00 3.834497874548105756e+00 3.876942174195885826e+00 3.883847535456848021e+00 3.914624120117849770e+00 3.954144191129966401e+00 3.979985703696788946e+00 3.947310699236407316e+00 3.923001561835084416e+00 4.028509409155727639e+00 4.251097741754723103e+00 4.509430783400617315e+00 4.679357978296277309e+00 4.706658673142104732e+00 4.697590114439298858e+00 4.799426528704156425e+00 4.844456113064495639e+00 4.781884569519988304e+00 4.769077028980477806e+00 4.738395200800178841e+00 4.700286096203308617e+00
4.150277796418246012e+00 4.156675769501527284e+00 4.173757542245953189e+00 4.101600325716882267e+00 3.966944244330383285e+00 3.837583287580475400e+00 3.699049883952987727e+00 3.563073330409530115e+00 3.409543507114999983e+00 3.289110086926742227e+00 3.276331442193372467e+00 3.324642600413968196e+00 3.406501592260452682e+00 3.474899998447583016e+00 3.527059458567872952e+00 3.594358018612799910e+00 3.690303880226741384e+00 3.796821491891495981e+00 3.858874800461913779e+00 3.866000880512041604e+00 3.912206678356991318e+00 3.978485041979814341e+00 4.000071931687971372e+00 3.990888323678920102e+00 4.027654040292281579e+00 4.195061915406554931e+00 4.423856012516322878e+00 4.647366621559019251e+00 4.835366870394556926e+00 4.845120795175118289e+00 4.741646392577930413e+00 4.736271384768510728e+00 4.701525599092041929e+00 4.687300282236581239e+00 4.765233196366299495e+00 4.778350856213158693e+00 4.723443993407567376e+00
4.164977967094715794e+00 4.171433814846315258e+00 4.163472984160021539e+00 4.096651973893441934e+00 3.990450703541439381e+00 3.864155005042176683e+00 3.721727233177887229e+00 3.572722128516941709e+00 3.420121344264151375e+00 3.325325395480559720e+00 3.279698791870636398e+00 3.278219616589296947e+00 3.391307068144177705e+00 3.503923489504522593e+00 3.546393562045855319e+00 3.589126647371100987e+00 3.644856253263744961e+00 3.727485273275307875e+00 3.788964786507007076e+00 3.836829702648438811e+00 3.945436084768871865e+00 4.041083069434968422e+00 4.105652076427492858e+00 4.180486447444803133e+00 4.239073229306377755e+00 4.394706023827508190e+00 4.624977253328220073e+00 4.810596762267609350e+00 4.928911363656801825e+00 4.865928870332774991e+00 4.719058477255131834e+00 4.672809423426928177e+00 4.652688965114938568e+00 4.693543574288725040e+00 4.764113361158734961e+00 4.741605588902809032e+00 4.631344216299146055e+00
4.212892621904982704e+00 4.228895852396517441e+00 4.195395185265944349e+00 4.105773736739376290e+00 4.013441052340752435e+00 3.874532946914310827e+00 3.703642762786762077e+00 3.553504806586666120e+00 3.423668798944319747e+00 3.329880255281974399e+00 3.246800008044314012e+00 3.229625991255446138e+00 3.367972460804269375e+00 3.490698548922006594e+00 3.516100408835161062e+00 3.527659466754665019e+00 3.557323290445850716e+00 3.607394361112360670e+00 3.661130997838622392e+00 3.756360228434958870e+00 3.946661197230200813e+00 4.136527259433735892e+00 4.266954101632366658e+00 4.394873622496138665e+00 4.513885289144797142e+00 4.674588453161593549e+00 4.807195074004248170e+00 4.868894386308744160e+00 4.888655505890822539e+00 4.770804752569960172e+00 4.614270838418903509e+00 4.545591119781851930e+00 4.579645845541403304e+00 4.690886035824711087e+00 4.749559195799442080e+00 4.682863656244386164e+00 4.565259479776104357e+00
4.183424478256588586e+00 4.196787472170017352e+00 4.203463470286775916e+00 4.142377328220826271e+00 4.046237285184714594e+00 3.900544350330186205e+00 3.697662933841483479e+00 3.527800804675660373e+00 3.406749001365311003e+00 3.276758848405670221e+00 3.172087589385229833e+00 3.187163780545956726e+00 3.345735385353112434e+00 3.487598995030372961e+00 3.502553829872002922e+00 3.450536453466535036e+00 3.417597094022580606e+00 3.451347541870257274e+00 3.583650260500146345e+00 3.766391409316740990e+00 3.969552990383821367e+00 4.223524063967978748e+00 4.412523187100228839e+00 4.548950024301161577e+00 4.716515881532343357e+00 4.877370932351906774e+00 4.914840203507493399e+00 4.884585988862937711e+00 4.872407400531303168e+00 4.757225050160847957e+00 4.571172150046630023e+00 4.503913785696719074e+00 4.616256756838703623e+00 4.756078524823479370e+00 4.804106787526320588e+00 4.744115211635840268e+00 4.660791222211781104e+00
4.128001330693850335e+00 4.113787923400595403e+00 4.159803306886292518e+00 4.158186065983279889e+00 4.051604842821209473e+00 3.889918348219229216e+00 3.697052938281368384e+00 3.533292535348341090e+00 3.407641617248382104e+00 3.257546999090056516e+00 3.148093430321949882e+00 3.168976020380560144e+00 3.308739902057489246e+00 3.451873760310149919e+00 3.476355867397066035e+00 3.395571581423382668e+00 3.342903504974181317e+00 3.389417010170435063e+00 3.570212446622516467e+00 3.817747152347228834e+00 4.049630174997195908e+00 4.294732036482356463e+00 4.510127727056026714e+00 4.706988357068111029e+00 4.894545284266028418e+00 5.027515129322750909e+00 5.064884535569058599e+00 5.010826737909606976e+00 4.911322258400781848e+00 4.795242751741223941e+00 4.690239495339918463e+00 4.725584568519305861e+00 4.900884017654588476e+00 4.995149937372136861e+00 4.994475970823776478e+00 4.949358203319086158e+00 4.899464507754688114e+00
4.072071737501808286e+00 4.047706136934664300e+00 4.076003785411668190e+00 4.088442526886373329e+00 4.015186191893249656e+00 3.876390762864071249e+00 3.721800556965593643e+00 3.577898692188226093e+00 3.434588589742011422e+00 3.282641299488334496e+00 3.167569157679302805e+00 3.173506054843533875e+00 3.273804106585521012e+00 3.379599136245504454e+00 3.424998923083588664e+00 3.386991880450020531e+00 3.336320944591170345e+00 3.373581437109606895e+00 3.540084420895723838e+00 3.831902400738432135e+00 4.186329581032483205e+00 4.471930545203449014e+00 4.665275614220393052e+00 4.879653638118019998e+00 5.097315916487771048e+00 5.227568920164097577e+00 5.246271028117678981e+00 5.170121458513266433e+00 5.023940408676745406e+00 4.954940268404291359e+00 5.010472538497920070e+00 5.097002121552483445e+00 5.172581010700657345e+00 5.169865178164029018e+00 5.139710693244014195e+00 5.141482134639662860e+00 5.118028494390765459e+00
4.051371859388618546e+00 4.048842632886982429e+00 4.033280723219991870e+00 4.020887933312311091e+00 3.975479536246540491e+00 3.879183641746527300e+00 3.746560915147719939e+00 3.609731496433157716e+00 3.477959760317682836e+00 3.333686367356731850e+00 3.214996133957628288e+00 3.202577545143439508e+00 3.281295367561709142e+00 3.363693299977439821e+00 3.386726144648234182e+00 3.352527770507679250e+00 3.324100533570151228e+00 3.387505265062641158e+00 3.589602018691074647e+00 3.893230911022019569e+00 4.240730082155790726e+00 4.526071200839554720e+00 4.743912362189544041e+00 4.993760241231766983e+00 5.274273688112007363e+00 5.415563918852516423e+00 5.372012644264067660e+00 5.285105461396550908e+00 5.176695005159213991e+00 5.173988524227862484e+00 5.274776997679047952e+00 5.306586889874727930e+00 5.278886726333867685e+00 5.203539622224072403e+00 5.186575963696771652e+00 5.240859600723853262e+00 5.230034176942782054e+00
4.118830510359703823e+00 4.105772073883025897e+00 4.021657662494105168e+00 3.969977937042981964e+00 3.932912876436407856e+00 3.875948370512931618e+00 3.764759754035708283e+00 3.631567832750780767e+00 3.519471040637547787e+00 3.388823072882543030e+00 3.263770191900265516e+00 3.218016230560888147e+00 3.246097973572233286e+00 3.314916210444984301e+00 3.329516263503020213e+00 3.294207028130781367e+00 3.328390392727914815e+00 3.474987407102796411e+00 3.697453669667758902e+00 3.938862952743853896e+00 4.185718154319607365e+00 4.426125694474633221e+00 4.709994142913675574e+00 5.061964086038720723e+00 5.405635589530200846e+00 5.526248402914291091e+00 5.403315371690577962e+00 5.281661078387445585e+00 5.218353237729612459e+00 5.208424615505398592e+00 5.218766598648540977e+00 5.196977301261174631e+00 5.154487699985233817e+00 5.092379680711594858e+00 5.146373806131974149e+00 5.269634611757487264e+00 5.287030995020172597e+00
4.137167500950269527e+00 4.113535904567518386e+00 4.007551592463482137e+00 3.931139367817033659e+00 3.897849093186446012e+00 3.890833670236396813e+00 3.815693532389516918e+00 3.699689375120899015e+00 3.604651128934721172e+00 3.450501615797254118e+00 3.286282085451130541e+00 3.202945079339201584e+00 3.192099854021467564e+00 3.252357310805582102e+00 3.281152181656850075e+00 3.277970426031101780e+00 3.367042189739438030e+00 3.541184972690643917e+00 3.744817759334766905e+00 3.940707188879196465e+00 4.140899124413179422e+00 4.345374744167497028e+00 4.643683651562641401e+00 5.038563677125088347e+00 5.378381791980991977e+00 5.493423823367498571e+00 5.330186250608166532e+00 5.141605595633947701e+00 5.080289910918422080e+00 5.033344616446338904e+00 4.957565879469807868e+00 4.932844891082046601e+00 4.920066670061132186e+00 4.861188025133030166e+00 4.950773131962209916e+00 5.162254599246928422e+00 5.288141962232336013e+00
4.142343307019714871e+00 4.089938627841284813e+00 4.012864052810915183e+00 3.920310369778242432e+00 3.864226615693924671e+00 3.876917312935827198e+00 3.839270616243494416e+00 3.779824121477867394e+00 3.721830887763527329e+00 3.530995933683016119e+00 3.310342645695842023e+00 3.200975489833767895e+00 3.186265026125859379e+00 3.219152850653339115e+00 3.245658444799730091e+00 3.287144923178630052e+00 3.427717268323883459e+00 3.624390810394547913e+00 3.797124303826546310e+00 3.954567866132213894e+00 4.104769186357007271e+00 4.267003399881058812e+00 4.554961207401696299e+00 4.935993788371323632e+00 5.230457295496711012e+00 5.342653845121590805e+00 5.192832357989106029e+00 4.926006118936141931e+00 4.781800567625186460e+00 4.722062073454413422e+00 4.660170640955488608e+00 4.695798057516068269e+00 4.742140574413340914e+00 4.701960082655759265e+00 4.791553211222442599e+00 4.995655673042367795e+00 5.164832411686132829e+00
4.165047194613674009e+00 4.100586623985977397e+00 4.028150296190080581e+00 3.935109698897933939e+00 3.860342766745919363e+00 3.842105405619593128e+00 3.795894680167819502e+00 3.745479553766127623e+00 3.719841139854519696e+00 3.589731987552974957e+00 3.365693783346426216e+00 3.226965742802800463e+00 3.197086531732539427e+00 3.193298632760377842e+00 3.217915384142962409e+00 3.321737984351825546e+00 3.520372688684021867e+00 3.741425876946712137e+00 3.900687699450552159e+00 4.020359871093017290e+00 4.117536473547453113e+00 4.219080760177224221e+00 4.449060191927598495e+00 4.789013681591711702e+00 5.072189825324842971e+00 5.177583802070385488e+00 5.082368007500948082e+00 4.786866598641308812e+00 4.547183112193584620e+00 4.458807047885473551e+00 4.415108263642705921e+00 4.499499619429078834e+00 4.585255164816654627e+00 4.588259729587203850e+00 4.682758410011546246e+00 4.805265622100653999e+00 4.972924671354610027e+00
4.141256328395058972e+00 4.105801777850144774e+00 4.037051425794549786e+00 3.953444969693737931e+00 3.881253241024236189e+00 3.820688657902069352e+00 3.741345902009785007e+00 3.662450999581439604e+00 3.659024714622034935e+00 3.618444138590728443e+00 3.416679357571803521e+00 3.234949012401946433e+00 3.166005473822753657e+00 3.151018601198925850e+00 3.183435911414653319e+00 3.342333427137928581e+00 3.584299540162160014e+00 3.799319411426534288e+00 3.947667192043239126e+00 4.065956560021605881e+00 4.140495237134235396e+00 4.200217325999249240e+00 4.352339849900177526e+00 4.614042927382946857e+00 4.867252554621382288e+00 4.978279009400933930e+00 4.915257051161269430e+00 4.690647022116070985e+00 4.476764766653447580e+00 4.361191595793666664e+00 4.326634151820222485e+00 4.444103644660566843e+00 4.504553452303959205e+00 4.483918061436803271e+00 4.558638357796938934e+00 4.675130989822005034e+00 4.870793545793819845e+00
4.065299737943094627e+00 4.026932382861229343e+00 3.995971229186643825e+00 3.929230871901948419e+00 3.844855401998652056e+00 3.742775326147912196e+00 3.662459288614327235e+00 3.630579744779488749e+00 3.663590558802111374e+00 3.634725531083955019e+00 3.445766416509847829e+00 3.260877712834394870e+00 3.142784290377417022e+00 3.120251445171060567e+00 3.178204190730950174e+00 3.339467410207408449e+00 3.599972501995095442e+00 3.847377913443368769e+00 4.006325135839633234e+00 4.097925485784458033e+00 4.146596390205104399e+00 4.178628137310791857e+00 4.284334756984510051e+00 4.480592342488332491e+00 4.668964342703805670e+00 4.740978273261866605e+00 4.665273991668403397e+00 4.520801416154558439e+00 4.397650464815184179e+00 4.293472855336656124e+00 4.289251744713677539e+00 4.447714591845112864e+00 4.508134294053359525e+00 4.458538955173521501e+00 4.500353039502225982e+00 4.648036748099366733e+00 4.821636640369726834e+00
3.974655182490577587e+00 3.920304534645628891e+00 3.902286065613388644e+00 3.842919398457574687e+00 3.759724120024602101e+00 3.672562837568738914e+00 3.647197145697967713e+00 3.689200685748168951e+00 3.733559580713624371e+00 3.677781218812640418e+00 3.531240489861870557e+00 3.381879342406071132e+00 3.229630016606426679e+00 3.185645066390677016e+00 3.257453929826240824e+00 3.380710165533269418e+00 3.614993428608446635e+00 3.882715644078913897e+00 4.051648974412492166e+00 4.125334839745130822e+00 4.151620942875862141e+00 4.124253980816760645e+00 4.192823667339888871e+00 4.396993802532474405e+00 4.538989574378605951e+00 4.547799657417925800e+00 4.466894045366093025e+00 4.385241185854622969e+00 4.322203745691192367e+00 4.254416564356775510e+00 4.255872529906648438e+00 4.384393232249756522e+00 4.478800498812519848e+00 4.456223262470254909e+00 4.437149605276063724e+00 4.548010953711132842e+00 4.695493830222707388e+00
3.938000812650086502e+00 3.877675704215103991e+00 3.799371478568824401e+00 3.725323234398565830e+00 3.687117310300598305e+00 3.669818707981258754e+00 3.696822010259836588e+00 3.734576229459365848e+00 3.740117745246708481e+00 3.704812633289861878e+00 3.636525558640594014e+00 3.551059409194815331e+00 3.434839070367070590e+00 3.345938708009366991e+00 3.358547516708291880e+00 3.467160509402335222e+00 3.650253164401760841e+00 3.864272303922305696e+00 4.009135029637748815e+00 4.094056559741799717e+00 4.151632288522776548e+00 4.107061992171802345e+00 4.147646891572456695e+00 4.329614178167945582e+00 4.436612376477933495e+00 4.393913482289070416e+00 4.279667465311177921e+00 4.219334316267094209e+00 4.209932463460669183e+00 4.213182036946928832e+00 4.234983666550673931e+00 4.298928696575906372e+00 4.387574350016421931e+00 4.398111067957797715e+00 4.323199262036398594e+00 4.343765536338123567e+00 4.485685638119861096e+00
