SOC_LEM/input/willis_2_dem.txt
ncols         86
nrows         205
xllcorner     463430
yllcorner     4756387
cellsize      3
NODATA_value  -9999
[rows 153 to 169 of 205, columns 37 to 73 of 86]
3.781299999999999955e+02 3.779599999999999795e+02 3.777200000000000273e+02 3.774900000000000091e+02 3.773100000000000023e+02 3.771399999999999864e+02 3.768899999999999864e+02 3.766899999999999977e+02 3.766299999999999955e+02 3.767799999999999727e+02 3.770600000000000023e+02 3.773100000000000023e+02 3.775400000000000205e+02 3.777300000000000182e+02 3.779599999999999795e+02 3.783000000000000114e+02 3.785299999999999727e+02 3.788000000000000114e+02 3.790099999999999909e+02 3.791600000000000250e+02 3.792300000000000182e+02 3.792400000000000091e+02 3.792599999999999909e+02 3.791999999999999886e+02 3.791800000000000068e+02 3.791800000000000068e+02 3.792500000000000000e+02 3.793299999999999841e+02 3.794399999999999977e+02 3.795600000000000023e+02 3.797099999999999795e+02 3.799200000000000159e+02 3.801000000000000227e+02 3.802300000000000182e+02 3.803799999999999955e+02 3.804399999999999977e+02 3.804700000000000273e+02
3.781899999999999977e+02 3.780099999999999909e+02 3.777900000000000205e+02 3.775199999999999818e+02 3.773199999999999932e+02 3.771499999999999773e+02 3.768700000000000045e+02 3.766399999999999864e+02 3.765799999999999841e+02 3.767500000000000000e+02 3.770699999999999932e+02 3.772900000000000205e+02 3.774800000000000182e+02 3.777300000000000182e+02 3.780199999999999818e+02 3.783500000000000227e+02 3.786399999999999864e+02 3.789499999999999886e+02 3.791899999999999977e+02 3.793500000000000227e+02 3.794499999999999886e+02 3.794700000000000273e+02 3.794800000000000182e+02 3.793600000000000136e+02 3.793500000000000227e+02 3.793000000000000114e+02 3.793399999999999750e+02 3.793899999999999864e+02 3.795500000000000114e+02 3.796299999999999955e+02 3.798299999999999841e+02 3.800400000000000205e+02 3.801899999999999977e+02 3.803600000000000136e+02 3.805000000000000000e+02 3.805600000000000023e+02 3.805799999999999841e+02
3.783100000000000023e+02 3.780799999999999841e+02 3.778399999999999750e+02 3.775500000000000114e+02 3.773500000000000227e+02 3.771499999999999773e+02 3.768500000000000227e+02 3.766399999999999864e+02 3.765199999999999818e+02 3.766800000000000068e+02 3.770099999999999909e+02 3.772599999999999909e+02 3.775000000000000000e+02 3.777300000000000182e+02 3.780099999999999909e+02 3.783899999999999864e+02 3.786999999999999886e+02 3.790299999999999727e+02 3.793199999999999932e+02 3.795400000000000205e+02 3.796299999999999955e+02 3.796499999999999773e+02 3.796299999999999955e+02 3.795500000000000114e+02 3.795000000000000000e+02 3.794599999999999795e+02 3.794900000000000091e+02 3.795600000000000023e+02 3.796700000000000159e+02 3.797400000000000091e+02 3.798899999999999864e+02 3.801100000000000136e+02 3.802900000000000205e+02 3.804900000000000091e+02 3.806299999999999955e+02 3.807200000000000273e+02 3.807500000000000000e+02
3.784200000000000159e+02 3.781800000000000068e+02 3.778999999999999773e+02 3.776000000000000227e+02 3.773600000000000136e+02 3.771800000000000068e+02 3.768500000000000227e+02 3.765899999999999750e+02 3.764599999999999795e+02 3.766200000000000045e+02 3.769700000000000273e+02 3.771899999999999977e+02 3.774599999999999795e+02 3.777099999999999795e+02 3.779900000000000091e+02 3.784300000000000068e+02 3.787500000000000000e+02 3.791000000000000227e+02 3.793999999999999773e+02 3.796700000000000159e+02 3.798000000000000114e+02 3.798399999999999750e+02 3.798299999999999841e+02 3.796999999999999886e+02 3.796600000000000250e+02 3.796200000000000045e+02 3.796200000000000045e+02 3.796600000000000250e+02 3.797699999999999818e+02 3.798799999999999955e+02 3.800000000000000000e+02 3.802200000000000273e+02 3.803799999999999955e+02 3.805600000000000023e+02 3.807599999999999909e+02 3.808600000000000136e+02 3.809700000000000273e+02
3.785600000000000023e+02 3.782699999999999818e+02 3.779499999999999886e+02 3.776100000000000136e+02 3.773899999999999864e+02 3.771800000000000068e+02 3.768700000000000045e+02 3.766700000000000159e+02 3.764300000000000068e+02 3.765500000000000114e+02 3.769300000000000068e+02 3.771499999999999773e+02 3.774100000000000250e+02 3.776299999999999955e+02 3.779800000000000182e+02 3.783799999999999955e+02 3.787200000000000273e+02 3.790899999999999750e+02 3.794800000000000182e+02 3.797400000000000091e+02 3.799499999999999886e+02 3.800099999999999909e+02 3.799800000000000182e+02 3.798700000000000045e+02 3.798100000000000023e+02 3.797500000000000000e+02 3.797200000000000273e+02 3.798000000000000114e+02 3.798700000000000045e+02 3.799800000000000182e+02 3.801200000000000045e+02 3.803100000000000023e+02 3.805099999999999909e+02 3.806899999999999977e+02 3.808899999999999864e+02 3.810099999999999909e+02 3.811399999999999864e+02
3.786700000000000159e+02 3.783899999999999864e+02 3.780299999999999727e+02 3.776899999999999977e+02 3.773799999999999955e+02 3.771200000000000045e+02 3.768700000000000045e+02 3.766499999999999773e+02 3.764100000000000250e+02 3.765000000000000000e+02 3.768399999999999750e+02 3.770899999999999750e+02 3.773299999999999841e+02 3.775600000000000023e+02 3.778999999999999773e+02 3.783100000000000023e+02 3.786700000000000159e+02 3.790699999999999932e+02 3.794700000000000273e+02 3.797900000000000205e+02 3.800199999999999818e+02 3.801399999999999864e+02 3.801200000000000045e+02 3.800299999999999727e+02 3.799499999999999886e+02 3.798700000000000045e+02 3.798299999999999841e+02 3.798999999999999773e+02 3.800000000000000000e+02 3.801000000000000227e+02 3.802300000000000182e+02 3.804200000000000159e+02 3.806000000000000227e+02 3.807900000000000205e+02 3.809800000000000182e+02 3.811200000000000045e+02 3.812799999999999727e+02
3.788100000000000023e+02 3.785099999999999909e+02 3.781299999999999955e+02 3.777400000000000091e+02 3.774100000000000250e+02 3.771399999999999864e+02 3.768799999999999955e+02 3.766200000000000045e+02 3.763799999999999955e+02 3.764200000000000159e+02 3.767500000000000000e+02 3.770199999999999818e+02 3.772599999999999909e+02 3.774800000000000182e+02 3.778000000000000114e+02 3.782200000000000273e+02 3.785799999999999841e+02 3.790099999999999909e+02 3.793999999999999773e+02 3.797699999999999818e+02 3.800699999999999932e+02 3.802500000000000000e+02 3.802200000000000273e+02 3.801999999999999886e+02 3.800899999999999750e+02 3.799599999999999795e+02 3.799800000000000182e+02 3.799900000000000091e+02 3.800899999999999750e+02 3.801800000000000068e+02 3.803000000000000114e+02 3.805299999999999727e+02 3.806600000000000250e+02 3.808600000000000136e+02 3.810500000000000114e+02 3.812099999999999795e+02 3.813700000000000045e+02
3.789499999999999886e+02 3.785699999999999932e+02 3.781700000000000159e+02 3.777699999999999818e+02 3.774100000000000250e+02 3.771499999999999773e+02 3.768600000000000136e+02 3.765699999999999932e+02 3.763500000000000227e+02 3.763799999999999955e+02 3.767099999999999795e+02 3.769300000000000068e+02 3.771399999999999864e+02 3.773700000000000045e+02 3.776800000000000068e+02 3.781000000000000227e+02 3.784599999999999795e+02 3.788899999999999864e+02 3.793199999999999932e+02 3.796999999999999886e+02 3.800500000000000114e+02 3.802599999999999909e+02 3.803000000000000114e+02 3.803100000000000023e+02 3.802400000000000091e+02 3.801499999999999773e+02 3.801200000000000045e+02 3.801200000000000045e+02 3.801899999999999977e+02 3.802599999999999909e+02 3.803999999999999773e+02 3.805699999999999932e+02 3.806999999999999886e+02 3.809200000000000159e+02 3.811000000000000227e+02 3.812699999999999818e+02 3.814200000000000159e+02
3.790299999999999727e+02 3.786299999999999955e+02 3.781999999999999886e+02 3.777799999999999727e+02 3.774100000000000250e+02 3.771399999999999864e+02 3.768600000000000136e+02 3.765099999999999909e+02 3.763500000000000227e+02 3.763199999999999932e+02 3.766200000000000045e+02 3.768500000000000227e+02 3.770600000000000023e+02 3.772699999999999818e+02 3.775799999999999841e+02 3.779599999999999795e+02 3.783199999999999932e+02 3.787599999999999909e+02 3.791999999999999886e+02 3.796000000000000227e+02 3.800099999999999909e+02 3.802500000000000000e+02 3.803899999999999864e+02 3.804200000000000159e+02 3.803799999999999955e+02 3.803000000000000114e+02 3.802500000000000000e+02 3.802699999999999818e+02 3.802900000000000205e+02 3.803600000000000136e+02 3.804900000000000091e+02 3.806200000000000045e+02 3.807900000000000205e+02 3.810000000000000000e+02 3.811100000000000136e+02 3.812699999999999818e+02 3.813700000000000045e+02
3.791499999999999773e+02 3.787500000000000000e+02 3.783000000000000114e+02 3.778600000000000136e+02 3.774499999999999886e+02 3.771600000000000250e+02 3.768500000000000227e+02 3.765799999999999841e+02 3.762900000000000205e+02 3.763100000000000023e+02 3.765600000000000023e+02 3.767599999999999909e+02 3.769800000000000182e+02 3.771600000000000250e+02 3.774499999999999886e+02 3.778299999999999841e+02 3.782300000000000182e+02 3.786399999999999864e+02 3.790899999999999750e+02 3.794700000000000273e+02 3.798999999999999773e+02 3.802599999999999909e+02 3.804599999999999795e+02 3.805099999999999909e+02 3.804900000000000091e+02 3.804300000000000068e+02 3.803999999999999773e+02 3.803899999999999864e+02 3.803700000000000045e+02 3.804499999999999886e+02 3.805899999999999750e+02 3.806999999999999886e+02 3.808500000000000227e+02 3.810600000000000023e+02 3.811399999999999864e+02 3.812799999999999727e+02 3.813600000000000136e+02
3.792400000000000091e+02 3.787699999999999818e+02 3.783399999999999750e+02 3.778299999999999841e+02 3.774499999999999886e+02 3.771499999999999773e+02 3.768500000000000227e+02 3.766999999999999886e+02 3.762799999999999727e+02 3.762699999999999818e+02 3.764800000000000182e+02 3.766600000000000250e+02 3.768799999999999955e+02 3.770799999999999841e+02 3.773899999999999864e+02 3.777599999999999909e+02 3.781000000000000227e+02 3.785500000000000114e+02 3.790000000000000000e+02 3.793600000000000136e+02 3.798399999999999750e+02 3.802799999999999727e+02 3.805400000000000205e+02 3.806399999999999864e+02 3.806600000000000250e+02 3.806000000000000227e+02 3.805299999999999727e+02 3.805099999999999909e+02 3.805099999999999909e+02 3.805600000000000023e+02 3.806999999999999886e+02 3.808100000000000023e+02 3.809100000000000250e+02 3.810500000000000114e+02 3.811899999999999977e+02 3.812699999999999818e+02 3.813199999999999932e+02
3.793399999999999750e+02 3.788700000000000045e+02 3.783799999999999955e+02 3.778899999999999864e+02 3.774700000000000273e+02 3.771499999999999773e+02 3.768600000000000136e+02 3.766700000000000159e+02 3.763500000000000227e+02 3.762599999999999909e+02 3.764499999999999886e+02 3.765899999999999750e+02 3.768299999999999841e+02 3.770099999999999909e+02 3.773199999999999932e+02 3.776700000000000159e+02 3.780400000000000205e+02 3.784399999999999977e+02 3.788899999999999864e+02 3.793100000000000023e+02 3.798100000000000023e+02 3.802599999999999909e+02 3.805500000000000114e+02 3.807500000000000000e+02 3.807599999999999909e+02 3.806999999999999886e+02 3.806899999999999977e+02 3.806800000000000068e+02 3.806800000000000068e+02 3.807099999999999795e+02 3.808000000000000114e+02 3.808899999999999864e+02 3.810000000000000000e+02 3.810899999999999750e+02 3.812200000000000273e+02 3.812799999999999727e+02 3.812300000000000182e+02
3.793299999999999841e+02 3.788799999999999955e+02 3.783899999999999864e+02 3.778500000000000227e+02 3.774499999999999886e+02 3.771299999999999955e+02 3.768100000000000023e+02 3.766299999999999955e+02 3.762599999999999909e+02 3.762099999999999795e+02 3.763899999999999864e+02 3.765600000000000023e+02 3.767599999999999909e+02 3.769599999999999795e+02 3.771899999999999977e+02 3.775600000000000023e+02 3.779200000000000159e+02 3.783399999999999750e+02 3.788000000000000114e+02 3.792400000000000091e+02 3.797500000000000000e+02 3.801899999999999977e+02 3.805500000000000114e+02 3.808100000000000023e+02 3.808999999999999773e+02 3.809100000000000250e+02 3.808600000000000136e+02 3.808199999999999932e+02 3.807900000000000205e+02 3.808100000000000023e+02 3.808899999999999864e+02 3.810099999999999909e+02 3.810799999999999841e+02 3.811899999999999977e+02 3.812200000000000273e+02 3.812400000000000091e+02 3.811299999999999955e+02
3.793799999999999955e+02 3.789200000000000159e+02 3.783600000000000136e+02 3.778000000000000114e+02 3.774200000000000159e+02 3.771100000000000136e+02 3.768000000000000114e+02 3.765899999999999750e+02 3.762300000000000182e+02 3.761899999999999977e+02 3.763600000000000136e+02 3.765299999999999727e+02 3.767200000000000273e+02 3.769300000000000068e+02 3.771399999999999864e+02 3.774499999999999886e+02 3.778299999999999841e+02 3.782400000000000091e+02 3.786899999999999977e+02 3.791600000000000250e+02 3.796700000000000159e+02 3.801299999999999955e+02 3.805500000000000114e+02 3.808600000000000136e+02 3.809900000000000091e+02 3.810199999999999818e+02 3.809700000000000273e+02 3.809200000000000159e+02 3.809399999999999977e+02 3.809499999999999886e+02 3.810000000000000000e+02 3.811299999999999955e+02 3.811800000000000068e+02 3.812200000000000273e+02 3.812099999999999795e+02 3.811800000000000068e+02 3.810400000000000205e+02
3.793600000000000136e+02 3.788299999999999841e+02 3.783100000000000023e+02 3.777799999999999727e+02 3.773299999999999841e+02 3.770799999999999841e+02 3.767599999999999909e+02 3.765500000000000114e+02 3.761600000000000250e+02 3.761200000000000045e+02 3.762799999999999727e+02 3.764800000000000182e+02 3.766899999999999977e+02 3.768600000000000136e+02 3.770899999999999750e+02 3.773700000000000045e+02 3.777400000000000091e+02 3.781399999999999864e+02 3.785799999999999841e+02 3.790699999999999932e+02 3.795899999999999750e+02 3.800400000000000205e+02 3.805000000000000000e+02 3.808600000000000136e+02 3.810400000000000205e+02 3.810799999999999841e+02 3.810699999999999932e+02 3.810600000000000023e+02 3.810400000000000205e+02 3.810600000000000023e+02 3.811399999999999864e+02 3.812400000000000091e+02 3.813000000000000114e+02 3.812500000000000000e+02 3.811800000000000068e+02 3.810600000000000023e+02 3.808799999999999955e+02
3.791899999999999977e+02 3.786899999999999977e+02 3.781600000000000250e+02 3.776600000000000250e+02 3.772699999999999818e+02 3.769800000000000182e+02 3.766700000000000159e+02 3.764499999999999886e+02 3.761200000000000045e+02 3.760600000000000023e+02 3.762200000000000273e+02 3.764399999999999977e+02 3.766100000000000136e+02 3.767599999999999909e+02 3.769499999999999886e+02 3.772400000000000091e+02 3.776299999999999955e+02 3.780500000000000114e+02 3.784800000000000182e+02 3.789499999999999886e+02 3.794399999999999977e+02 3.798999999999999773e+02 3.803999999999999773e+02 3.807799999999999727e+02 3.810099999999999909e+02 3.811499999999999773e+02 3.811399999999999864e+02 3.811700000000000159e+02 3.811700000000000159e+02 3.811700000000000159e+02 3.812200000000000273e+02 3.812799999999999727e+02 3.812400000000000091e+02 3.812200000000000273e+02 3.811100000000000136e+02 3.809100000000000250e+02 3.806499999999999773e+02
3.790199999999999818e+02 3.785199999999999818e+02 3.780099999999999909e+02 3.775400000000000205e+02 3.771299999999999955e+02 3.768500000000000227e+02 3.765699999999999932e+02 3.763999999999999773e+02 3.761200000000000045e+02 3.760000000000000000e+02 3.761299999999999955e+02 3.764100000000000250e+02 3.765500000000000114e+02 3.766600000000000250e+02 3.768700000000000045e+02 3.771299999999999955e+02 3.775299999999999727e+02 3.778999999999999773e+02 3.783199999999999932e+02 3.787900000000000205e+02 3.793000000000000114e+02 3.797799999999999727e+02 3.802900000000000205e+02 3.806600000000000250e+02 3.809700000000000273e+02 3.811700000000000159e+02 3.812200000000000273e+02 3.812599999999999909e+02 3.812699999999999818e+02 3.812400000000000091e+02 3.813000000000000114e+02 3.813299999999999841e+02 3.812500000000000000e+02 3.811600000000000250e+02 3.809800000000000182e+02 3.807400000000000091e+02 3.804300000000000068e+02
