SOC_LEM/input/willis_elev_test.asc
ncols	150																																																																																																																																																				
nrows	210																																																																																																																																																				
xllcorner	0																																																																																																																																																				
yllcorner	0																																																																																																																																																				
cellsize	2.95302823																																																																																																																																																				
NODATA_value	-9999																																																																																																																																																				
[rows 140 to 167 of 210, columns 63 to 125 of 150]
379.1066 379.1688 379.1929 379.3356 379.4368 379.5503 379.6663 379.6888 379.7471 379.7888 379.7934 379.7896 379.8028 379.8106 379.7708 379.7259 379.6402 379.5699 379.4705 379.3499 379.2522 379.1345 379.0946 379.0618 378.9841 378.9114 378.8596 378.8525 378.8648 378.9021 378.901 378.891 378.7428 378.5761 378.5713 378.7159 378.9793 379.1126 379.2612 379.3663 379.4367 379.4643 379.4457 379.5277 379.6485 379.6928 379.6288 379.5727 379.5106 379.3589 379.1989 379.0245 378.813 378.5796 378.3829 378.1917 378.0551 377.9368 377.8269 377.7318 377.7323 377.7135 377.6358
379.0159 379.0986 379.1152 379.2279 379.339 379.408 379.4689 379.4792 379.6155 379.6384 379.6412 379.6442 379.6232 379.6393 379.668 379.5923 379.4941 379.4298 379.3103 379.2539 379.1858 379.0681 379.0128 378.9664 378.9111 378.8836 378.8093 378.8083 378.8637 378.887 378.8733 378.8237 378.6478 378.5313 378.5867 378.8065 379.0219 379.1709 379.3069 379.3735 379.4206 379.466 379.4727 379.5105 379.5683 379.6327 379.5945 379.5236 379.466 379.2913 379.1281 378.9327 378.7409 378.5104 378.3056 378.129 377.9925 377.8535 377.7634 377.6872 377.6675 377.6501 377.5671
378.8822 378.9539 379.0276 379.1546 379.2268 379.2826 379.3214 379.3509 379.4641 379.5086 379.4921 379.512 379.5274 379.519 379.4884 379.4547 379.3621 379.3138 379.2022 379.1603 379.1048 379.0127 378.9689 378.9339 378.8742 378.8284 378.778 378.8084 378.854 378.8725 378.8326 378.7162 378.559 378.5252 378.6474 378.8798 379.0688 379.2071 379.3184 379.3581 379.3825 379.4313 379.4575 379.4737 379.5188 379.5616 379.5318 379.4561 379.3527 379.2169 379.0521 378.8491 378.6585 378.4218 378.203 378.0586 377.9264 377.779 377.6966 377.6288 377.6227 377.5679 377.5047
378.8368 378.8927 378.9529 379.0587 379.1485 379.2109 379.2253 379.2367 379.3493 379.3807 379.3889 379.4196 379.4232 379.4004 379.3496 379.3219 379.2389 379.1997 379.0997 379.0359 379.0054 378.9264 378.9042 378.8815 378.851 378.7982 378.7517 378.7822 378.8159 378.8456 378.7527 378.6008 378.4753 378.5129 378.7101 378.9218 379.0818 379.2101 379.281 379.3025 379.3554 379.4083 379.4614 379.4653 379.4919 379.4922 379.4672 379.381 379.2262 379.1317 378.9743 378.7576 378.5628 378.3384 378.1285 377.9962 377.8686 377.7251 377.6364 377.5542 377.5664 377.4815 377.4347
378.7844 378.8359 378.8862 378.9761 379.0886 379.1475 379.1465 379.1482 379.2448 379.256 379.3037 379.3244 379.3166 379.2993 379.2637 379.2251 379.149 379.0992 379.0054 378.9431 378.9233 378.8429 378.8315 378.7995 378.7948 378.7652 378.7306 378.7483 378.7628 378.7654 378.6331 378.4839 378.4283 378.5328 378.7712 378.9544 379.088 379.1921 379.2391 379.2691 379.3434 379.3866 379.4542 379.4478 379.4609 379.4401 379.4274 379.3357 379.1532 379.0563 378.9019 378.6694 378.4755 378.2831 378.0923 377.9509 377.8147 377.6819 377.5863 377.4997 377.4894 377.4144 377.3696
378.7166 378.7657 378.8125 378.8978 379.0072 379.051 379.0631 379.0855 379.1427 379.163 379.2301 379.2394 379.2252 379.2128 379.2018 379.1543 379.0897 379.0285 378.9246 378.8961 378.8585 378.7893 378.7776 378.7323 378.7227 378.7161 378.72 378.738 378.723 378.641 378.4956 378.3732 378.4238 378.6122 378.8431 379.0003 379.1132 379.1718 379.2207 379.2859 379.3268 379.3442 379.3845 379.3789 379.4208 379.4113 379.4005 379.3235 379.1317 379.0049 378.8324 378.6114 378.4264 378.248 378.0566 377.9159 377.7537 377.6371 377.5432 377.4936 377.4484 377.391 377.3536
378.6391 378.6866 378.7203 378.7994 378.895 378.9233 378.968 379.0291 379.0686 379.1108 379.1706 379.193 379.1513 379.1222 379.1238 379.0681 379.0236 378.9761 378.8528 378.8496 378.7945 378.7608 378.7557 378.7274 378.7056 378.6925 378.7182 378.7393 378.7041 378.536 378.3727 378.2963 378.4268 378.7095 378.9182 379.0443 379.1065 379.1602 379.1792 379.2606 379.3018 379.343 379.3544 379.3624 379.4075 379.3979 379.346 379.2568 379.0652 378.9574 378.7626 378.5654 378.3914 378.2049 378.0133 377.8767 377.718 377.5906 377.5073 377.4872 377.4181 377.3864 377.3494
378.5056 378.5667 378.6007 378.6745 378.7827 378.808 378.864 378.9608 379.053 379.0556 379.1024 379.1447 379.0856 379.0297 379.0025 378.952 378.9099 378.8831 378.7929 378.799 378.7906 378.7581 378.7773 378.7607 378.7341 378.7287 378.7087 378.7224 378.6174 378.4118 378.3006 378.2713 378.5049 378.8562 378.9705 379.0319 379.0961 379.2162 379.2011 379.2862 379.3446 379.3706 379.3606 379.3713 379.3937 379.3746 379.2954 379.1783 378.9977 378.8752 378.6993 378.4987 378.2882 378.1438 377.9666 377.7881 377.6692 377.5728 377.4592 377.4231 377.3741 377.352 377.3101
378.2928 378.34 378.3846 378.4869 378.5777 378.704 378.7776 378.9334 379.0294 379.034 379.0657 379.0745 379.0136 378.9508 378.9674 378.903 378.8581 378.8279 378.7695 378.7116 378.7153 378.7774 378.804 378.7644 378.7315 378.7101 378.6911 378.6688 378.5448 378.3373 378.2786 378.3127 378.5666 378.8616 378.9794 379.062 379.0583 379.122 379.1855 379.2809 379.3517 379.3759 379.3489 379.386 379.3955 379.3279 379.2524 379.1332 378.9449 378.7975 378.623 378.4453 378.2798 378.0889 377.8946 377.7672 377.6452 377.5486 377.4458 377.3953 377.3491 377.3212 377.2887
378.1794 378.302 378.3775 378.4902 378.6254 378.7318 378.8375 378.9588 379.0013 379.0276 379.043 379.0357 379.0051 378.9618 378.901 378.8502 378.8039 378.7695 378.7363 378.6908 378.7384 378.7765 378.7898 378.7759 378.7346 378.747 378.678 378.6208 378.4573 378.2646 378.2523 378.3532 378.6653 378.8551 378.9632 379.0315 379.0483 379.1201 379.196 379.2828 379.3177 379.3467 379.3957 379.3968 379.3773 379.2985 379.2022 379.0686 378.9004 378.7442 378.5573 378.3945 378.2386 378.051 377.8781 377.7485 377.6223 377.4956 377.4185 377.3609 377.3261 377.2879 377.2496
378.2871 378.4477 378.5337 378.6071 378.708 378.8191 378.9241 378.9749 379.0146 379.0335 379.0665 379.0445 379.0066 378.9317 378.8761 378.8359 378.7891 378.7391 378.7068 378.6894 378.721 378.7562 378.8088 378.8075 378.7781 378.7907 378.6731 378.6084 378.4116 378.249 378.2592 378.4318 378.7107 378.8492 378.9456 378.9987 379.0695 379.1452 379.2072 379.3015 379.3367 379.3692 379.4255 379.4028 379.3533 379.2718 379.1472 378.9915 378.8415 378.6685 378.466 378.327 378.1693 378.0006 377.8578 377.7106 377.5898 377.4632 377.3979 377.3341 377.2922 377.2466 377.2118
378.4013 378.553 378.6545 378.7073 378.7999 378.9029 378.98 379.0279 379.0836 379.0884 379.105 379.0845 379.0299 378.9238 378.8801 378.8451 378.7892 378.7334 378.7117 378.6955 378.7099 378.7503 378.8177 378.8254 378.802 378.7676 378.6492 378.5594 378.3538 378.2142 378.2731 378.4923 378.7162 378.8457 378.9268 378.9828 379.0816 379.156 379.2282 379.3239 379.3722 379.4115 379.425 379.3925 379.3163 379.2169 379.0696 378.8975 378.7534 378.5714 378.3761 378.2574 378.1003 377.9307 377.8161 377.6603 377.5609 377.4597 377.3867 377.3179 377.2598 377.2263 377.2032
378.4828 378.6067 378.7133 378.7705 378.8776 378.9688 379.0385 379.1211 379.1783 379.1533 379.1589 379.1392 379.0885 378.9881 378.8909 378.8532 378.7887 378.722 378.7117 378.6974 378.7084 378.7501 378.7957 378.8094 378.7742 378.6933 378.6168 378.4751 378.2689 378.1692 378.297 378.5223 378.7146 378.8258 378.8854 378.9736 379.0663 379.1488 379.2482 379.3344 379.3827 379.4228 379.4161 379.351 379.2429 379.1153 378.9565 378.7782 378.6476 378.4715 378.3173 378.1986 378.0334 377.8632 377.7813 377.6175 377.5396 377.4413 377.3522 377.2877 377.2545 377.2517 377.2235
378.5552 378.662 378.7539 378.835 378.9446 379.0356 379.1298 379.2213 379.271 379.2186 379.2415 379.2076 379.1676 379.0976 378.924 378.87 378.8055 378.7129 378.6861 378.6919 378.691 378.7332 378.7655 378.7698 378.7265 378.6411 378.603 378.4151 378.2106 378.2056 378.3588 378.5775 378.7143 378.7807 378.823 378.9665 379.058 379.1379 379.223 379.3341 379.4127 379.4277 379.3897 379.275 379.1255 378.9806 378.8315 378.6498 378.5576 378.3363 378.215 378.1084 377.9404 377.8152 377.7237 377.595 377.4731 377.3946 377.2823 377.239 377.2671 377.2239 377.2344
378.6178 378.7294 378.806 378.9246 379.0272 379.1225 379.2269 379.2985 379.3615 379.346 379.3458 379.3018 379.2271 379.1647 379.0316 378.9489 378.8791 378.7904 378.7358 378.6979 378.7072 378.7246 378.7406 378.7363 378.7124 378.6106 378.5532 378.3246 378.1902 378.2468 378.3904 378.6464 378.7475 378.8049 378.8847 378.9951 379.0983 379.1624 379.2261 379.3278 379.3625 379.3968 379.3157 379.2039 379.0401 378.8603 378.7005 378.5431 378.4204 378.2288 378.1462 378.0373 377.8683 377.7604 377.6927 377.5425 377.4475 377.391 377.2656 377.2651 377.2703 377.2307 377.2486
378.6435 378.7805 378.8797 378.9752 379.0899 379.2135 379.3223 379.378 379.4063 379.4421 379.4398 379.3749 379.3191 379.2134 379.1146 379.0378 378.9402 378.8156 378.7556 378.7153 378.6861 378.6623 378.6889 378.7131 378.6592 378.5767 378.4827 378.2728 378.1588 378.2875 378.4965 378.6391 378.7517 378.8365 378.9022 378.9815 379.0914 379.1852 379.2386 379.34 379.3786 379.3505 379.2366 379.0807 378.9175 378.7655 378.5909 378.4524 378.3328 378.1425 378.0585 377.9588 377.8203 377.7384 377.6106 377.4918 377.4382 377.3382 377.2669 377.2664 377.2719 377.2544 377.2625
378.7332 378.8768 378.9656 379.0618 379.1761 379.2967 379.4331 379.5034 379.539 379.5526 379.5443 379.4987 379.4573 379.3279 379.187 379.0975 378.9932 378.8667 378.8036 378.7407 378.6527 378.6422 378.6255 378.646 378.6251 378.5454 378.4394 378.2048 378.1616 378.3543 378.6096 378.6745 378.7897 378.8536 378.9251 379.0108 379.0991 379.2188 379.2544 379.3109 379.3245 379.2652 379.1151 378.949 378.7825 378.6353 378.4774 378.3321 378.2098 378.0844 377.987 377.8878 377.7736 377.6825 377.5817 377.4712 377.4183 377.3299 377.276 377.264 377.2433 377.243 377.2534
378.7985 378.9251 379.0049 379.1378 379.2558 379.3889 379.5027 379.5988 379.667 379.6898 379.6587 379.6202 379.5707 379.4252 379.2579 379.1694 379.042 378.9312 378.8657 378.7519 378.6615 378.6431 378.6198 378.6286 378.5928 378.5036 378.3606 378.1597 378.1928 378.4172 378.6576 378.6826 378.7916 378.8607 378.946 379.0348 379.1032 379.205 379.2387 379.2579 379.2262 379.1175 378.9808 378.8058 378.6248 378.4914 378.3513 378.2266 378.111 378.013 377.9208 377.8344 377.7334 377.6261 377.5434 377.4442 377.3894 377.3251 377.2752 377.2712 377.2437 377.2294 377.2371
378.8691 378.9841 379.0639 379.226 379.3377 379.4663 379.6145 379.7267 379.7877 379.8102 379.7848 379.7407 379.6785 379.5418 379.3659 379.259 379.102 378.9871 378.8965 378.7897 378.7048 378.6601 378.6451 378.6237 378.5463 378.4554 378.2732 378.1262 378.1971 378.4443 378.6416 378.6696 378.7768 378.8625 378.9504 379.0448 379.1103 379.164 379.1673 379.1547 379.0985 378.9537 378.8142 378.6492 378.4811 378.3622 378.2381 378.1524 378.0587 377.9401 377.846 377.7772 377.6913 377.5818 377.4875 377.4071 377.3713 377.3271 377.2776 377.2827 377.2663 377.2388 377.2368
378.9667 379.0818 379.1726 379.3139 379.4348 379.5633 379.7269 379.8648 379.9204 379.9265 379.9304 379.8766 379.806 379.6641 379.4777 379.3578 379.1939 379.0632 378.9556 378.853 378.7685 378.7019 378.6747 378.6341 378.5245 378.4053 378.2029 378.1012 378.1867 378.4422 378.605 378.6671 378.7754 378.8684 378.9456 379.0484 379.1068 379.1141 379.0638 379.0185 378.9522 378.8078 378.6394 378.4968 378.3734 378.2528 378.1435 378.0805 378.021 377.895 377.7808 377.716 377.6389 377.5432 377.4543 377.3718 377.3703 377.3522 377.2971 377.2856 377.2596 377.2614 377.2586
379.0783 379.1979 379.3001 379.4034 379.541 379.6886 379.832 379.9867 380.0633 380.0723 380.0941 380.0346 379.9591 379.7743 379.5822 379.4702 379.315 379.1715 379.0646 378.9221 378.8398 378.7636 378.7043 378.6762 378.5557 378.3722 378.1716 378.0875 378.1983 378.4393 378.586 378.6805 378.7827 378.8711 378.9434 379.0357 379.0647 379.0403 378.967 378.9034 378.7965 378.6621 378.5303 378.3794 378.2715 378.145 378.0387 377.9764 377.9464 377.8658 377.7673 377.7024 377.5872 377.5179 377.4503 377.3253 377.3503 377.3336 377.3029 377.2858 377.247 377.2727 377.2761
379.1825 379.2996 379.4016 379.5066 379.6383 379.8035 379.9707 380.1002 380.1916 380.2526 380.261 380.2063 380.1257 379.9032 379.7302 379.6125 379.4331 379.2679 379.1226 378.9984 378.905 378.8129 378.745 378.7105 378.5834 378.3964 378.2126 378.072 378.1833 378.444 378.5702 378.6565 378.7501 378.8177 378.8988 378.9514 379.0065 378.9323 378.8047 378.7408 378.616 378.5121 378.4114 378.2987 378.1505 378.0596 378.0029 377.951 377.8658 377.755 377.6801 377.6498 377.5605 377.4931 377.4253 377.3506 377.3562 377.3413 377.3279 377.3175 377.2969 377.2738 377.2401
379.2977 379.4116 379.5042 379.5966 379.736 379.8721 380.0568 380.22 380.3068 380.3889 380.4249 380.3962 380.3218 380.1339 379.879 379.7447 379.5587 379.3951 379.2518 379.0927 378.9596 378.8752 378.7775 378.7491 378.6265 378.4151 378.2186 378.1124 378.21 378.4407 378.5796 378.6645 378.7428 378.7944 378.8566 378.8817 378.8628 378.7732 378.6672 378.6126 378.5076 378.3778 378.3214 378.2159 378.1048 378.0223 377.9319 377.8664 377.7888 377.7008 377.639 377.5777 377.5434 377.5037 377.4368 377.367 377.3978 377.3593 377.3276 377.338 377.3405 377.2979 377.278
379.3976 379.4969 379.579 379.6809 379.8289 379.988 380.177 380.312 380.4298 380.5275 380.5676 380.5666 380.4766 380.2352 380.0457 379.8526 379.6582 379.4767 379.3081 379.1637 379.0283 378.9246 378.8398 378.7823 378.667 378.4628 378.2345 378.0869 378.1428 378.3499 378.5608 378.6331 378.7427 378.7819 378.8041 378.8071 378.7571 378.6698 378.571 378.4787 378.4026 378.2855 378.2169 378.102 378.0146 377.9523 377.8575 377.795 377.7168 377.6359 377.586 377.559 377.5536 377.537 377.4867 377.4476 377.4656 377.4227 377.4044 377.3984 377.3886 377.3534 377.3283
379.5015 379.5721 379.6484 379.7878 379.9085 380.0932 380.2795 380.4385 380.5798 380.6946 380.7226 380.7158 380.6455 380.4412 380.2389 380.0198 379.8031 379.604 379.424 379.2701 379.1282 379.0102 378.8956 378.8049 378.6943 378.4847 378.2948 378.0972 378.0591 378.2214 378.4802 378.5753 378.6859 378.7236 378.724 378.7166 378.6492 378.5913 378.472 378.3818 378.2941 378.1959 378.1206 377.9841 377.9214 377.8703 377.7854 377.7193 377.6493 377.5952 377.5692 377.5744 377.585 377.5918 377.5539 377.5244 377.5414 377.5065 377.476 377.4535 377.4446 377.3899 377.358
379.6225 379.6765 379.7734 379.884 380.0018 380.1966 380.3932 380.5695 380.7168 380.8304 380.8763 380.8933 380.8516 380.6309 380.4124 380.1983 379.9672 379.7386 379.5123 379.3618 379.215 379.0853 378.9541 378.8389 378.7326 378.5287 378.3431 378.1222 378.0002 378.0976 378.3308 378.5068 378.5975 378.6375 378.6316 378.6237 378.5529 378.5022 378.3913 378.2892 378.1826 378.102 378.0258 377.8876 377.8392 377.793 377.7343 377.6861 377.6248 377.6134 377.6153 377.6208 377.643 377.6593 377.6425 377.612 377.6357 377.6051 377.5477 377.5326 377.5093 377.4416 377.418
379.7458 379.7961 379.8891 379.998 380.1066 380.2903 380.4884 380.6557 380.8376 380.9639 381.0285 381.0757 381.0459 380.8006 380.5928 380.3717 380.1149 379.8678 379.6156 379.4454 379.2823 379.1439 379.0427 378.8933 378.7766 378.5963 378.3904 378.1448 377.9644 377.9877 378.1643 378.4139 378.5027 378.5481 378.5348 378.5267 378.4561 378.3856 378.318 378.1923 378.0835 378.0096 377.9211 377.8215 377.779 377.7372 377.7251 377.7199 377.6722 377.6863 377.7029 377.6975 377.7307 377.743 377.7598 377.7399 377.755 377.7293 377.6669 377.6663 377.5902 377.5476 377.5385
379.8734 379.9249 379.9913 380.116 380.2155 380.382 380.5784 380.7316 380.9505 381.1026 381.187 381.2545 381.2213 380.9979 380.7929 380.5563 380.2635 379.9986 379.7486 379.5261 379.3383 379.1972 379.1306 378.9462 378.7976 378.6311 378.4327 378.1621 377.943 377.8862 378.0243 378.2813 378.4118 378.4615 378.432 378.4095 378.3327 378.2521 378.2098 378.0983 378.001 377.9206 377.8125 377.7807 377.7578 377.7306 377.7675 377.7859 377.7767 377.7756 377.7859 377.7909 377.8385 377.8649 377.8941 377.8735 377.8784 377.8792 377.8145 377.7855 377.7002 377.6362 377.6188
