SOC_LEM/input/willis_Fix_SOCI.txt
ncols         259
nrows         247
xllcorner     463439
yllcorner     4756390
cellsize      3
NODATA_value  -9999
[rows 68 to 84 of 247, columns 222 to 258 of 259]
6.869681214981978812e+00 6.912079571478827233e+00 6.917344729908576184e+00 6.859369616003561987e+00 6.780575090846173936e+00 6.815896098477292497e+00 7.009716487562277720e+00 7.194567521380289321e+00 7.339603699822772498e+00 7.473951607012844889e+00 7.470715920645835340e+00 7.222306110208485563e+00 6.965809459916130209e+00 6.832691753502459164e+00 6.787731729900331246e+00 6.766398222132037787e+00 6.723908461062658048e+00 6.757296957090028755e+00 6.920465681554656356e+00 7.054840986108377621e+00 6.891728130646502137e+00 6.530172068590767154e+00 6.186395841373622417e+00 5.829837305257781210e+00 5.518665702813116525e+00 5.267616883649710147e+00 5.043194005334752816e+00 4.779642521894903240e+00 4.560385466218166428e+00 4.449144445236878909e+00 4.376333533466196357e+00 4.371417441407253079e+00 4.525204322325420137e+00 4.675833108737034394e+00 4.769551471060454517e+00 4.986368927333604262e+00 -9.999000000000000000e+03
7.038617475039012916e+00 7.081168923937664061e+00 7.090924359832472490e+00 7.003857968621613139e+00 6.911807595341281640e+00 6.933458209452444621e+00 7.115239064053948681e+00 7.294084591070815193e+00 7.376444330568599383e+00 7.458676071643310479e+00 7.398064311024112882e+00 7.132236149904255029e+00 6.932551403119743938e+00 6.806795350605858275e+00 6.776829385575144471e+00 6.833467625529173972e+00 6.835366878827187520e+00 6.865528698288649423e+00 6.974578276146104372e+00 7.034869266338134253e+00 6.821951543621921132e+00 6.422218867392684771e+00 6.040962167564940088e+00 5.689728783182221861e+00 5.386592608975867336e+00 5.133647192263749659e+00 4.926214482165050867e+00 4.700285655237038895e+00 4.439226922893277916e+00 4.260767620829128077e+00 4.163650165574468431e+00 4.167331563411883266e+00 4.339260656753392453e+00 4.495582612289439339e+00 4.654354831887786759e+00 4.912994771012909823e+00 -9.999000000000000000e+03
7.163942138465285936e+00 7.174396306675802748e+00 7.150529543022841494e+00 7.074479751795861304e+00 7.033748575584496621e+00 7.025081933230012510e+00 7.108016033602615025e+00 7.195248961746694150e+00 7.225904631164176806e+00 7.358890414777754074e+00 7.396263843977731511e+00 7.187856866490182739e+00 6.982016511784435053e+00 6.862979936956016047e+00 6.861374450488025190e+00 6.946569024034358719e+00 6.966257309634618977e+00 6.950232370196850695e+00 6.979303225299869240e+00 6.987675474963578992e+00 6.787864280765173675e+00 6.348072912326573558e+00 5.853280370553756384e+00 5.473370242330785729e+00 5.206475277371129806e+00 4.996710576541749660e+00 4.802796411179773628e+00 4.585359991825322723e+00 4.339752802758093608e+00 4.132655480939064319e+00 3.967469351112299591e+00 3.932991708479759652e+00 4.079389294641030617e+00 4.262667772851701287e+00 4.563629465721694700e+00 4.911668658648974173e+00 -9.999000000000000000e+03
7.288286580446889928e+00 7.224095190942435352e+00 7.164228349359621717e+00 7.089011188865857349e+00 7.050354535412887813e+00 7.048071070429383411e+00 7.063504053267156024e+00 7.057631880077972042e+00 7.105527422958571648e+00 7.327374674768464047e+00 7.462729470793208364e+00 7.305087979756057948e+00 7.085517132804739049e+00 7.012188329745189463e+00 7.009152846424131056e+00 7.048614639189834108e+00 7.106037148078938159e+00 7.099660408232423947e+00 7.059632891677518174e+00 6.976580344784665044e+00 6.695555234611999751e+00 6.212092108092425846e+00 5.723242029149483656e+00 5.340629171963849231e+00 5.043767479934357922e+00 4.806174079543820810e+00 4.600532249552523822e+00 4.392267135450797610e+00 4.159270757272075514e+00 3.908457377756590745e+00 3.705343137195711734e+00 3.682469624131927688e+00 3.854167894495287072e+00 4.130353686955830383e+00 4.580322090933035994e+00 4.957691564821418595e+00 -9.999000000000000000e+03
7.370049825853643100e+00 7.303771358602110908e+00 7.216284868371364070e+00 7.122678325922711551e+00 7.070431960050349574e+00 7.094935713214590933e+00 7.085097622327731770e+00 7.047266211207087849e+00 7.163457479172064879e+00 7.419386689211517449e+00 7.546603754102338968e+00 7.430375814007661006e+00 7.240751503060497640e+00 7.168952416446991549e+00 7.147418130200383857e+00 7.167111082692583679e+00 7.203357824065198756e+00 7.166321024764785719e+00 7.050059632462950532e+00 6.864280961688299598e+00 6.522063115742430028e+00 6.022842491152735178e+00 5.571263043721229380e+00 5.214428368433507544e+00 4.890280556531175549e+00 4.589236666325726688e+00 4.338041525782710295e+00 4.107658357584126563e+00 3.864121731713478169e+00 3.604314353055574571e+00 3.413530284092551881e+00 3.439464644047479425e+00 3.659851083901839885e+00 4.006598650933845818e+00 4.503563359466852489e+00 4.920501995192951838e+00 -9.999000000000000000e+03
7.395825687950354776e+00 7.402180503502814091e+00 7.302633833945542108e+00 7.197798290207197525e+00 7.142179429280705705e+00 7.158464529452343683e+00 7.128933764446960808e+00 7.048506184784464779e+00 7.162912182219860924e+00 7.445343505770312120e+00 7.572219214410012000e+00 7.538552920209548702e+00 7.382879403987788081e+00 7.272141406889161885e+00 7.263600018844792672e+00 7.248085042462339089e+00 7.163006341247220021e+00 7.024331452317253977e+00 6.858220509677572352e+00 6.613859833341198424e+00 6.228628436461837836e+00 5.745133591701677034e+00 5.335672970028216611e+00 5.027381204449756780e+00 4.759044520662456534e+00 4.453376613105598736e+00 4.122848023224568337e+00 3.801582893774568817e+00 3.550371062532770239e+00 3.344956875473311442e+00 3.209867576226159258e+00 3.277336519866924647e+00 3.517366213028633837e+00 3.868316051921016907e+00 4.314240028540654137e+00 4.771178637128624445e+00 -9.999000000000000000e+03
7.362364190840732903e+00 7.363914604228593674e+00 7.312013729575262744e+00 7.287025611845381334e+00 7.231480305634489625e+00 7.176644532679743449e+00 7.162080291030505919e+00 7.118419670616690453e+00 7.173373555312666738e+00 7.385667474009773414e+00 7.559596789867187638e+00 7.589906759374800416e+00 7.445852043376618212e+00 7.327644516223914550e+00 7.351367620244030121e+00 7.307972355078540261e+00 7.098684113538999085e+00 6.890976146950981374e+00 6.680967801772565551e+00 6.342242183927567112e+00 5.927171815915892594e+00 5.482293658878676368e+00 5.128554934672909127e+00 4.887182209183748682e+00 4.679693898452894629e+00 4.364978730195948842e+00 3.947438671664299292e+00 3.575539485928054262e+00 3.334115355890066468e+00 3.142539179674155747e+00 3.050248256791366686e+00 3.174819075220680631e+00 3.414698775729835489e+00 3.778069652564536085e+00 4.222602311555320398e+00 4.667763197356295635e+00 -9.999000000000000000e+03
7.297090597259446199e+00 7.281648247515336791e+00 7.287875221560685901e+00 7.331814221933250053e+00 7.283250198798851827e+00 7.199973384618347794e+00 7.238861005786956682e+00 7.292425309610074180e+00 7.251035387993358228e+00 7.349650567873524665e+00 7.546745728269030451e+00 7.603137093730245155e+00 7.498434278086806515e+00 7.408553744345960368e+00 7.415907722509563982e+00 7.321356935393314558e+00 7.071306994530266010e+00 6.901441083596631998e+00 6.648977588693586682e+00 6.196695526446836411e+00 5.777379239804536937e+00 5.338878854867273205e+00 4.990018074863183273e+00 4.799195649846822675e+00 4.626271042403978129e+00 4.282716424197159810e+00 3.818150740014210953e+00 3.466809853023178789e+00 3.243151991657130750e+00 3.037453540518553652e+00 2.987722021648984594e+00 3.148166044764664662e+00 3.359000947663373537e+00 3.745217919000229045e+00 4.257921101691334087e+00 4.716468844525097737e+00 -9.999000000000000000e+03
7.218274979944055758e+00 7.242002959515518867e+00 7.261866748133233074e+00 7.276687128069347921e+00 7.258105242997908491e+00 7.241168013049714247e+00 7.327942160201880384e+00 7.371748040935935720e+00 7.277334187058425385e+00 7.346346926862539206e+00 7.499404495796163417e+00 7.548481641438691270e+00 7.524666586981402006e+00 7.459805687057794898e+00 7.368913287131269030e+00 7.139088505276218299e+00 6.887056148907332087e+00 6.792380030789018974e+00 6.558703733925126400e+00 6.124509026516824051e+00 5.722805929993288743e+00 5.279215215741476896e+00 4.944604342822010778e+00 4.764441698961691785e+00 4.572931609975496414e+00 4.234644708108838529e+00 3.764172066185748733e+00 3.393215897583504059e+00 3.174762588845863931e+00 3.013690376493633138e+00 3.028560988793273623e+00 3.190191545625651770e+00 3.400635694315578661e+00 3.825932957915126664e+00 4.387838771923053827e+00 4.868700484963712327e+00 -9.999000000000000000e+03
7.096649101909338953e+00 7.164383541800320998e+00 7.202039872381105212e+00 7.224990801176877753e+00 7.269011454976283204e+00 7.318881894792893306e+00 7.326426699774851059e+00 7.236537886416938292e+00 7.130258991257210965e+00 7.180420875087934363e+00 7.260849587915346959e+00 7.343416695259618265e+00 7.406949354491718651e+00 7.335770001307322374e+00 7.182011033081282747e+00 6.936765522738483014e+00 6.689130655829234939e+00 6.535535741390134490e+00 6.312267317405888534e+00 5.987503199718247515e+00 5.598503139924249083e+00 5.177418419422670226e+00 4.909636878860672127e+00 4.750384943487466316e+00 4.543092248289209323e+00 4.223500918210502775e+00 3.774880474800259123e+00 3.367465293277746241e+00 3.111354833906883499e+00 2.988401084123029960e+00 3.052028690927508947e+00 3.232319032009977278e+00 3.518726231294071027e+00 3.997825616027380846e+00 4.559936358052347316e+00 5.005196896337420043e+00 -9.999000000000000000e+03
7.070478410466568775e+00 7.167224068670597248e+00 7.234422009028643075e+00 7.278077005127975951e+00 7.357848348257213900e+00 7.381026695759342005e+00 7.235681695659476276e+00 7.001706507886151343e+00 6.891360826343865043e+00 6.918170599166071355e+00 6.960570530037889725e+00 7.069856034431534653e+00 7.169408506646908208e+00 7.122767626250078976e+00 7.006635604921855887e+00 6.833557868548306047e+00 6.629846843916181953e+00 6.418112646985285608e+00 6.174828779594495387e+00 5.889099939482662194e+00 5.494508250107511316e+00 5.080660621412821598e+00 4.858011263700461768e+00 4.754557338864424665e+00 4.570367823503502791e+00 4.230370268649741305e+00 3.800381727159173550e+00 3.393038972213977544e+00 3.089498849431107530e+00 2.956489200987125088e+00 3.045724472611658129e+00 3.301691160546011972e+00 3.694079759898290405e+00 4.206426585720226541e+00 4.750407196050495884e+00 5.181009066393887252e+00 -9.999000000000000000e+03
7.196580906968073066e+00 7.243884090687611632e+00 7.303865188479553794e+00 7.369618090601827376e+00 7.410240261607514256e+00 7.356299009431518598e+00 7.106651556029316197e+00 6.762319969730738123e+00 6.637595705147099068e+00 6.705129847478172422e+00 6.762554158530340587e+00 6.869839145676053249e+00 6.975758846425001991e+00 6.977535849172051385e+00 6.866172763099120502e+00 6.704417634807240844e+00 6.521969305096531500e+00 6.321694196985898628e+00 6.088524820456528985e+00 5.829149186221425083e+00 5.475521712320210455e+00 5.102722145737718762e+00 4.872519092487463510e+00 4.752779310089117359e+00 4.552088059145056320e+00 4.208400345423580546e+00 3.803657674600998462e+00 3.404383800233640400e+00 3.118318293701898725e+00 3.014524187759956675e+00 3.098184911101435901e+00 3.364722236162638325e+00 3.833675538049845954e+00 4.391712210197674437e+00 4.906290311305575358e+00 5.336092250870745346e+00 -9.999000000000000000e+03
7.176139361036060649e+00 7.161415260110626235e+00 7.206269405179478227e+00 7.333844522038145186e+00 7.311899090399140988e+00 7.191760765105804865e+00 6.967481804510642363e+00 6.590044938349137738e+00 6.406741408957669748e+00 6.429991788172642941e+00 6.518148954929040784e+00 6.690977381746055386e+00 6.844998585716520978e+00 6.864598776012410752e+00 6.741038711635205516e+00 6.574539544935008806e+00 6.401451108442671512e+00 6.205530388796443475e+00 5.986376976665319205e+00 5.747205476181596495e+00 5.440714654408511208e+00 5.131733879332571746e+00 4.895877061219524151e+00 4.718495004077176702e+00 4.507996496742386228e+00 4.230141288575900660e+00 3.856246519461111077e+00 3.448478256863021230e+00 3.215491560482709232e+00 3.179041665633299374e+00 3.236120867528642364e+00 3.436537651967443097e+00 3.957856706876182074e+00 4.625706137253779104e+00 5.119415431300046393e+00 5.468293821267492305e+00 -9.999000000000000000e+03
6.926150960477958307e+00 6.904832390362004801e+00 6.926150292901722239e+00 7.035319900074767929e+00 7.025016231169770364e+00 6.948194828008233515e+00 6.797344863445811569e+00 6.484221568344981534e+00 6.256766928151373364e+00 6.200082248188657275e+00 6.328198938397713746e+00 6.539284685180744461e+00 6.670093097785111169e+00 6.706307734291730327e+00 6.612462346894186993e+00 6.447529541001234321e+00 6.269575704628454815e+00 6.057885124633063612e+00 5.863937852964353326e+00 5.676425015178381273e+00 5.414665599529486784e+00 5.158059346890084385e+00 4.924475451962550210e+00 4.731577164295652338e+00 4.568832169239176011e+00 4.321577319156535424e+00 3.946521465736111622e+00 3.573630860325145875e+00 3.382925929571474200e+00 3.376459964021815807e+00 3.444176911764628812e+00 3.690232748157320941e+00 4.244125343146921026e+00 4.877512246860584710e+00 5.318346773152137885e+00 5.595691156131602284e+00 -9.999000000000000000e+03
6.724379035508903257e+00 6.690447565355604809e+00 6.626430135075246142e+00 6.650876167904227643e+00 6.724196072840964433e+00 6.696166232215464476e+00 6.517817883020846637e+00 6.259316569300635180e+00 6.068738922860976714e+00 6.029681700441116732e+00 6.210647871458501612e+00 6.405684617063371888e+00 6.477980328218603034e+00 6.562793684398853244e+00 6.532052258338053363e+00 6.336310011345641868e+00 6.104632395511336185e+00 5.870539469780515773e+00 5.688795153359800238e+00 5.562110910139823616e+00 5.380466917583925479e+00 5.153266649896519169e+00 4.916704782317280475e+00 4.760370365041124430e+00 4.651527281411569348e+00 4.389505307574111725e+00 4.046667090699868297e+00 3.763724881194912442e+00 3.621182838975428808e+00 3.610654191340893604e+00 3.656295751417003359e+00 3.949912463228363535e+00 4.543294358292730095e+00 5.071596369791526726e+00 5.422237896643391508e+00 5.680332676404511005e+00 -9.999000000000000000e+03
6.559840773540056347e+00 6.503497388691606318e+00 6.384200361323042472e+00 6.332486255459382818e+00 6.423516034188530455e+00 6.436394536254212539e+00 6.269743324837905973e+00 6.035895223919697017e+00 5.871877112706865631e+00 5.847455838453608834e+00 6.018374367556205584e+00 6.234516388125115327e+00 6.354304260348575539e+00 6.464319825765514338e+00 6.465645009139681321e+00 6.230833594309350687e+00 5.902525684096245229e+00 5.645816489682680128e+00 5.465833674355412342e+00 5.378787850845453633e+00 5.272927603920495088e+00 5.060118951881792171e+00 4.830538697155642325e+00 4.719813621153361893e+00 4.677766800684326043e+00 4.478168018502184822e+00 4.164698638079901372e+00 3.930545718262536070e+00 3.875711520957885625e+00 3.898369623242466275e+00 3.916824917991631239e+00 4.218153967716203212e+00 4.813012602630635683e+00 5.280060549664806757e+00 5.553707422045935260e+00 5.750028477853424747e+00 -9.999000000000000000e+03
6.365506695997215303e+00 6.289291101398649886e+00 6.145406938939663277e+00 6.011680704430588662e+00 6.071869474614596029e+00 6.232261511237803475e+00 6.186511463972189873e+00 5.963126547133983379e+00 5.757111503988879164e+00 5.722938006568098146e+00 5.867942155682426275e+00 6.096667481283768453e+00 6.263561087131343186e+00 6.333561117843851562e+00 6.308631766481099135e+00 6.051229906044547135e+00 5.645960280924324337e+00 5.365926899012144702e+00 5.243949731482901555e+00 5.208476684118668487e+00 5.136134780047530768e+00 4.970965077380691710e+00 4.806929319342955864e+00 4.699102883890322602e+00 4.690107143481338170e+00 4.608521261928915536e+00 4.336291045740244599e+00 4.091309974647231229e+00 4.066121666584663785e+00 4.135844247932816131e+00 4.217718497042078241e+00 4.562450894053240447e+00 5.048674055442328168e+00 5.392544300786585865e+00 5.623038423774975314e+00 5.782437798093331693e+00 -9.999000000000000000e+03
