SOC_LEM/input/willis_Fix_SOCI.txt
ncols         259
nrows         247
xllcorner     463439
yllcorner     4756390
cellsize      3
NODATA_value  -9999
[rows 136 to 152 of 247, columns 148 to 184 of 259]
4.454807471547498565e+00 4.504310576545256239e+00 4.577296901620211855e+00 4.700219575591749077e+00 4.785012687132427445e+00 4.874716701967177102e+00 5.046525883431279169e+00 5.193949760003604865e+00 5.275565663584965037e+00 5.340881250250571810e+00 5.455688722185094264e+00 5.534822723161445523e+00 5.508555926081797338e+00 5.474745448678021376e+00 5.460656849268096025e+00 5.375737857484855553e+00 5.259264514046602557e+00 5.149191394856208248e+00 5.041315415402074507e+00 4.890756381147443932e+00 4.605343482282160394e+00 4.262773508614818851e+00 3.975892094785519859e+00 3.742865372188857620e+00 3.587434160943812955e+00 3.419647424285841453e+00 3.273195910305588541e+00 3.207355826604741722e+00 3.185941096040119547e+00 3.249745645787077919e+00 3.337632728266267890e+00 3.376114899069950326e+00 3.420494114150644194e+00 3.491337925914738349e+00 3.563323419639502276e+00 3.585360182410012087e+00 3.493999454924013648e+00
4.234994803220406112e+00 4.332338433424865798e+00 4.479824453363349335e+00 4.656394199933977518e+00 4.762136420697794748e+00 4.878010279690508710e+00 5.082782206215989973e+00 5.249906769976819376e+00 5.328011934609843792e+00 5.419573944827885015e+00 5.577789615061169215e+00 5.659850984926462658e+00 5.596075793063098658e+00 5.559921476909606142e+00 5.535229341512419410e+00 5.414763898109660190e+00 5.333147337494446916e+00 5.283767741679080032e+00 5.187326578437374991e+00 4.947549827121720867e+00 4.579362145484193292e+00 4.235579889420959532e+00 4.000939246010414507e+00 3.878659816938480276e+00 3.852745418030925961e+00 3.733446038566176739e+00 3.585181129606647588e+00 3.507131159702732148e+00 3.407678726291505811e+00 3.398825642342268694e+00 3.496961496242448675e+00 3.583043886602899519e+00 3.651468565475290973e+00 3.714673850419384138e+00 3.744349368946222611e+00 3.697705810515138580e+00 3.585372385512050286e+00
4.075283945418300746e+00 4.198617328818288641e+00 4.400217540555461326e+00 4.660103864702909604e+00 4.820887835463461002e+00 4.948934913179044770e+00 5.134641751329045434e+00 5.313526649343872421e+00 5.402023309406652984e+00 5.492035146614464125e+00 5.613525959914108299e+00 5.651717808907578799e+00 5.589033265588406962e+00 5.578078749233906564e+00 5.537746373837295621e+00 5.423543840430111729e+00 5.381823306366428028e+00 5.390687977488008542e+00 5.244994087963100071e+00 4.886674884458981794e+00 4.501185936627624784e+00 4.202977868765371383e+00 4.010195902324257489e+00 3.983392239362055776e+00 4.074740910106651626e+00 4.036521572175304939e+00 3.902829379955722544e+00 3.752441223604467524e+00 3.584186634770780699e+00 3.528218384477899150e+00 3.625476934992322597e+00 3.755299599102809083e+00 3.844724472686010586e+00 3.925652573312619964e+00 3.892768113356774862e+00 3.702878382771375598e+00 3.573641314693901450e+00
3.986157846864022858e+00 4.132321057852307078e+00 4.353327679563395947e+00 4.642510845785377427e+00 4.892268106399251693e+00 5.079128236414373276e+00 5.236148219902514001e+00 5.372516227179669812e+00 5.471561700328711808e+00 5.569632189419431612e+00 5.651626671094017951e+00 5.621410812508875310e+00 5.540443385434775436e+00 5.545860177473318942e+00 5.557603938564739110e+00 5.506668245490370595e+00 5.461614327934709578e+00 5.429101212815455213e+00 5.213634646103734838e+00 4.796335066082310306e+00 4.431375938113689017e+00 4.214699357095360810e+00 4.097962962289724231e+00 4.166403833557225767e+00 4.324462591552951096e+00 4.297385046311607226e+00 4.105710259978257781e+00 3.906619408269621729e+00 3.790251552982864425e+00 3.749837162220552855e+00 3.812400316933212352e+00 3.927707881325787298e+00 4.019337084317283981e+00 4.056476293098034702e+00 3.969104207369452908e+00 3.785917442252605625e+00 3.703356073823080408e+00
4.017104140325228556e+00 4.207061052055241390e+00 4.425304730746342230e+00 4.695421664487891888e+00 4.985671814081472419e+00 5.197807131660363567e+00 5.329903864584633055e+00 5.428942908990110894e+00 5.519218023626633496e+00 5.582428920727263488e+00 5.618263770290610637e+00 5.550678113895019195e+00 5.478005662700780931e+00 5.543082187738562538e+00 5.647502760603993366e+00 5.650623785586887493e+00 5.542584291620292092e+00 5.395244548805624873e+00 5.143600355291971127e+00 4.753725306441463516e+00 4.421712172730762447e+00 4.261175275931424977e+00 4.221621701180206188e+00 4.392178964325960777e+00 4.605267890937852826e+00 4.528810598186959524e+00 4.275476470984113320e+00 4.136450128512521474e+00 4.129978968941745876e+00 4.113970305084398760e+00 4.128536957883570224e+00 4.215803579487342745e+00 4.287124868512899312e+00 4.242058817295434991e+00 4.115215905347289649e+00 4.017274047926495228e+00 4.015800863203148552e+00
4.174123474283513602e+00 4.358611915808682014e+00 4.585109911536056515e+00 4.870852728883832583e+00 5.127362293748296551e+00 5.253441871457575019e+00 5.337206844589097443e+00 5.434089661775880487e+00 5.490716720710459242e+00 5.473256933045346884e+00 5.458643645585672388e+00 5.448968690919750557e+00 5.424228699436252299e+00 5.480477845960043837e+00 5.615905805338854861e+00 5.702447890247491102e+00 5.643579078255825721e+00 5.445803338613414368e+00 5.171962251953951650e+00 4.851499330796393394e+00 4.588209028606431872e+00 4.453161702639874875e+00 4.441332801240958972e+00 4.611125150631792735e+00 4.827875183201289389e+00 4.781457332077769351e+00 4.557096830359533612e+00 4.475424531568840791e+00 4.499089170196974408e+00 4.476455802683387830e+00 4.481282203218166060e+00 4.564278475100453036e+00 4.549443461169419223e+00 4.418268515951574216e+00 4.308167496766932558e+00 4.242878379049702886e+00 4.278050071457448311e+00
4.366014346191573026e+00 4.552968987387242095e+00 4.826863444441618967e+00 5.110540739287626977e+00 5.310712920396458259e+00 5.344730209540298205e+00 5.338834243869769125e+00 5.390653604245940755e+00 5.425853815078424347e+00 5.357581769948525974e+00 5.298529213461689480e+00 5.336584197106986949e+00 5.345311786316141678e+00 5.358814480996894503e+00 5.527140047699356629e+00 5.742708739126484829e+00 5.820578713343191879e+00 5.651007595739313771e+00 5.345418085903654415e+00 5.075793317423784146e+00 4.884212315364479196e+00 4.779779630729068529e+00 4.762796057259029325e+00 4.843494858215766641e+00 4.954438779086149935e+00 4.957781833809640659e+00 4.837709255098673111e+00 4.766180766930478541e+00 4.751539410620061687e+00 4.695941659821405878e+00 4.684224508070867543e+00 4.743186023933994022e+00 4.664938731972261721e+00 4.524303524024471557e+00 4.498141680151054089e+00 4.518743605067857771e+00 4.555812879310824570e+00
4.563430322901830039e+00 4.764297201081271638e+00 5.057922239648519280e+00 5.304608288359135670e+00 5.471243270661375391e+00 5.478944984257006823e+00 5.426466631090683279e+00 5.421228130430739256e+00 5.420134123675712345e+00 5.390599635721352811e+00 5.269899337344202905e+00 5.189644295552222175e+00 5.211898797260008820e+00 5.264544148492003472e+00 5.485273890612925030e+00 5.812617519399267962e+00 5.944985303392607889e+00 5.790478367602171161e+00 5.529108686393934491e+00 5.362292557562389206e+00 5.241212349915754132e+00 5.085350847845626632e+00 4.982360325006258250e+00 4.988670126675225802e+00 5.003879105587868636e+00 4.997995540738829234e+00 4.942555278473731661e+00 4.905235385070515264e+00 4.917398731026171532e+00 4.841548696094916338e+00 4.766520809824157823e+00 4.765743968198909997e+00 4.707395460704310253e+00 4.628480494498530717e+00 4.639704175451560886e+00 4.725719791506566736e+00 4.771398415776980428e+00
4.768768177699856281e+00 4.948683150516197671e+00 5.219316191084216072e+00 5.457620329097972345e+00 5.531470705645574526e+00 5.447403450994897867e+00 5.417577755070022150e+00 5.459874966853263345e+00 5.455569342645038233e+00 5.493893586015831332e+00 5.365930196510623418e+00 5.184166314869466774e+00 5.194615539971961127e+00 5.236681323110625286e+00 5.414894052624022791e+00 5.735674665732107158e+00 5.917834840456555057e+00 5.847250028775299313e+00 5.696594141214021079e+00 5.635010347142276999e+00 5.532152092135765642e+00 5.281042557160924744e+00 5.071272117194421725e+00 5.012632476677918447e+00 4.982969091861937372e+00 4.944342359122599007e+00 4.899853446221278830e+00 4.896949341615371765e+00 4.928732181518466149e+00 4.873650465281054167e+00 4.803645822866076998e+00 4.756651540450270943e+00 4.713259836991991136e+00 4.723258439974200584e+00 4.756777102681239100e+00 4.854420440655658808e+00 4.941050549103310985e+00
5.009734902922851063e+00 5.137718577107470708e+00 5.348913802435761866e+00 5.540488918695047005e+00 5.488805264699344377e+00 5.273515215812238921e+00 5.232950258246292563e+00 5.352597234824726158e+00 5.423194809867416311e+00 5.483141205484491465e+00 5.440495641317237840e+00 5.318459844711711071e+00 5.260089704094173868e+00 5.218660629803340001e+00 5.327032265518845122e+00 5.592213505842263288e+00 5.830217248624506965e+00 5.897121947180586687e+00 5.818941438642470487e+00 5.705207730573812697e+00 5.507648658412346521e+00 5.230262691798012398e+00 5.039074656917643225e+00 4.956628406564801637e+00 4.901912967404534527e+00 4.851309175066546686e+00 4.827254739683894513e+00 4.823976376043633607e+00 4.824949745679965929e+00 4.808726765379885748e+00 4.760923458179851409e+00 4.692312758896802549e+00 4.690737648819728989e+00 4.834089268349089252e+00 4.956059606349951352e+00 5.047271397212801602e+00 5.093077782096658623e+00
5.255374668316576958e+00 5.341938083027290673e+00 5.490273365164895836e+00 5.547103052819442937e+00 5.352205117087377673e+00 5.106146018469084780e+00 5.063649226075650489e+00 5.147128677941912756e+00 5.192243221387887075e+00 5.237435015531067606e+00 5.324928596714874729e+00 5.309515586502197237e+00 5.195787042924656873e+00 5.133840772423642562e+00 5.226470543434267313e+00 5.472926626304946751e+00 5.733368276989212475e+00 5.864664304374699100e+00 5.811259832898855393e+00 5.655395068426949834e+00 5.401782792675854594e+00 5.154505087896152915e+00 5.043905039675959046e+00 4.970293632839680953e+00 4.906262239647267265e+00 4.865483058697652297e+00 4.827900375412067291e+00 4.803027511725765919e+00 4.806657971086410797e+00 4.794178017065396702e+00 4.720116557124182322e+00 4.695582105883490343e+00 4.762413876265897628e+00 4.979956058614698478e+00 5.227381465913135017e+00 5.278720719332484990e+00 5.161751920148430983e+00
5.350704745202468970e+00 5.410725633654601907e+00 5.477901689551462283e+00 5.385161730249549805e+00 5.067281299800175276e+00 4.816733928726003811e+00 4.815616757054925756e+00 4.888067823032088199e+00 4.907783769587021894e+00 4.970814630660282063e+00 5.110959627468419697e+00 5.144722476549794976e+00 5.076941817409180047e+00 5.025311745729650781e+00 5.085108204937728971e+00 5.334269562524539765e+00 5.580098545396699805e+00 5.689413507878931853e+00 5.674001736326655276e+00 5.552854304253044049e+00 5.347683809088616513e+00 5.184837038280681654e+00 5.128850383992972439e+00 5.055074399066413093e+00 5.035263067596531528e+00 5.011573574789483843e+00 4.928633451217022454e+00 4.900142684887210720e+00 4.905060798578027459e+00 4.866685299066334736e+00 4.786927608831359038e+00 4.815577037132996452e+00 4.936081850467418874e+00 5.159868584466256181e+00 5.403291122795014445e+00 5.394397065665557989e+00 5.200064973245639877e+00
5.305447818460448772e+00 5.328358000570574404e+00 5.285213055840987550e+00 5.138190201645013389e+00 4.877823388693519391e+00 4.613816992292390395e+00 4.555354480107471460e+00 4.673673180211070033e+00 4.768166979639753222e+00 4.839536325016487339e+00 4.939086132291466313e+00 4.990457151385324863e+00 4.979265889067358231e+00 4.927957587574539389e+00 4.947642962222179364e+00 5.149630239620767824e+00 5.353784700092619531e+00 5.473252515709738475e+00 5.472797375064578418e+00 5.332285203321584177e+00 5.170309548881466100e+00 5.100044574360113714e+00 5.108698201741907141e+00 5.088533060252144580e+00 5.134296174098773591e+00 5.125057871008056765e+00 5.053891920207512101e+00 5.053842890987768399e+00 5.025599141171831263e+00 4.973358836042685027e+00 4.930004295225824507e+00 4.961528503415017610e+00 5.119439698085134438e+00 5.360523757056453675e+00 5.508687868154360956e+00 5.442985289232453283e+00 5.277490272942612748e+00
5.251997032255740550e+00 5.282119283226132112e+00 5.211439475438440994e+00 4.998175119786738563e+00 4.766026320520685644e+00 4.522748818504817692e+00 4.413276792356381151e+00 4.528906768029663965e+00 4.675811507187090044e+00 4.764854973526885473e+00 4.855927667103680179e+00 4.923760212949048309e+00 4.888503351338012948e+00 4.862020851601085880e+00 4.928004717973294646e+00 5.082991062553688266e+00 5.235021184996266896e+00 5.354199073855520297e+00 5.303943088560606256e+00 5.119469850054406024e+00 4.999437478057405571e+00 4.950732782527415665e+00 4.967468165567353822e+00 4.999054785604590379e+00 5.034095971578540940e+00 5.041901125616211843e+00 5.044600788989733076e+00 5.092252559052711902e+00 5.088149892875867053e+00 5.055890178637724830e+00 5.056085685805889796e+00 5.134442698620404144e+00 5.300501060083389504e+00 5.448726393750078500e+00 5.516787162616882512e+00 5.469609940855095331e+00 5.334160455753043095e+00
5.221574544568252207e+00 5.233426955374383738e+00 5.156832257327932822e+00 4.913264429842778114e+00 4.687591156982055196e+00 4.542266126661290926e+00 4.478228831963095402e+00 4.512929883162133393e+00 4.618419589556150839e+00 4.719586720138817526e+00 4.819387057832496879e+00 4.875288448305234112e+00 4.831325896404093712e+00 4.823003908982231636e+00 4.919669267321685524e+00 5.078726316691463794e+00 5.219558720151569631e+00 5.281697725814298749e+00 5.166833374279629965e+00 4.948021914390023923e+00 4.828280009401316519e+00 4.781798252812061278e+00 4.798448404933527200e+00 4.825811473169148158e+00 4.829437313046081925e+00 4.867016207685397333e+00 4.916937588849148000e+00 4.991275867811888034e+00 5.074534214773859020e+00 5.106029858161591051e+00 5.108885423001147785e+00 5.181063762226337133e+00 5.281295199089710124e+00 5.310359293606932596e+00 5.389690955143018769e+00 5.458516484783514144e+00 5.379402711627177425e+00
5.243689231049179611e+00 5.192248428348076317e+00 5.088519049004426975e+00 4.893756626943817523e+00 4.756102279193182625e+00 4.686697618447027480e+00 4.603499837779811088e+00 4.554801234547138478e+00 4.612520841921506687e+00 4.709264472033920512e+00 4.770110360115596748e+00 4.784672171115960992e+00 4.771383219892243233e+00 4.773303025376907982e+00 4.841071115117010493e+00 4.997767261133994054e+00 5.121288673436671601e+00 5.108031876020904249e+00 4.982866201384059224e+00 4.782438558573732124e+00 4.657545581571200799e+00 4.639847660808175789e+00 4.637264228570368019e+00 4.618768718904819437e+00 4.572958494685032349e+00 4.592889694316010463e+00 4.700468795900675900e+00 4.819737067967464483e+00 4.966320115069651209e+00 5.070565376387436984e+00 5.076350391587387989e+00 5.091365389178440282e+00 5.108540878394421725e+00 5.099330760381571181e+00 5.201727586777236567e+00 5.372774393175159702e+00 5.379460854785250490e+00
5.314963031950082240e+00 5.211869314125722852e+00 5.108541899470077752e+00 4.946406035690019465e+00 4.844441946878813354e+00 4.816847844298045800e+00 4.730815545420830048e+00 4.656235763082349877e+00 4.676918709354747961e+00 4.745796813341058851e+00 4.760782942631816894e+00 4.742703056212906887e+00 4.737197110227656438e+00 4.760475629658905916e+00 4.806483364924938328e+00 4.900652274131122255e+00 4.969388395742981857e+00 4.915903740871803151e+00 4.790397707725427168e+00 4.629717310541721531e+00 4.544834990492503835e+00 4.533944542384123366e+00 4.479186339681575646e+00 4.437305026933547225e+00 4.358009998725616896e+00 4.325152916347095200e+00 4.470283065700410674e+00 4.652442159244618125e+00 4.820593520583781100e+00 4.937609380490993516e+00 4.952308626461896068e+00 4.970191774672299445e+00 4.960696244347872153e+00 4.920529489486890284e+00 4.990426855312747989e+00 5.169209898906755640e+00 5.216112312942904339e+00
