SOC_LEM/input/willis_2_dem.txt
ncols         86
nrows         205
xllcorner     463430
yllcorner     4756387
cellsize      3
NODATA_value  -9999
[rows 34 to 50 of 205, columns 37 to 73 of 86]
3.850000000000000000e+02 3.851899999999999977e+02 3.853500000000000227e+02 3.855799999999999841e+02 3.858000000000000114e+02 3.859599999999999795e+02 3.861200000000000045e+02 3.863000000000000114e+02 3.863700000000000045e+02 3.864599999999999795e+02 3.863700000000000045e+02 3.861800000000000068e+02 3.859100000000000250e+02 3.855000000000000000e+02 3.851000000000000227e+02 3.847300000000000182e+02 3.843799999999999955e+02 3.840299999999999727e+02 3.837099999999999795e+02 3.835400000000000205e+02 3.833500000000000227e+02 3.830799999999999841e+02 3.828000000000000114e+02 3.825400000000000205e+02 3.823199999999999932e+02 3.821499999999999773e+02 3.819700000000000273e+02 3.818299999999999841e+02 3.816399999999999864e+02 3.815199999999999818e+02 3.813700000000000045e+02 3.813000000000000114e+02 3.811600000000000250e+02 3.809300000000000068e+02 3.807200000000000273e+02 3.805899999999999750e+02 3.803999999999999773e+02
3.849100000000000250e+02 3.850899999999999750e+02 3.852500000000000000e+02 3.854499999999999886e+02 3.856700000000000159e+02 3.858500000000000227e+02 3.860299999999999727e+02 3.861499999999999773e+02 3.862500000000000000e+02 3.863500000000000227e+02 3.862799999999999727e+02 3.861100000000000136e+02 3.858199999999999932e+02 3.854700000000000273e+02 3.850500000000000114e+02 3.846700000000000159e+02 3.843299999999999841e+02 3.839499999999999886e+02 3.835899999999999750e+02 3.833899999999999864e+02 3.831800000000000068e+02 3.828999999999999773e+02 3.826700000000000159e+02 3.824300000000000068e+02 3.822900000000000205e+02 3.821499999999999773e+02 3.820199999999999818e+02 3.818899999999999864e+02 3.817699999999999818e+02 3.816700000000000159e+02 3.815899999999999750e+02 3.814499999999999886e+02 3.813500000000000227e+02 3.811600000000000250e+02 3.809200000000000159e+02 3.807099999999999795e+02 3.805600000000000023e+02
3.848100000000000023e+02 3.849900000000000091e+02 3.851299999999999955e+02 3.853000000000000114e+02 3.855400000000000205e+02 3.856999999999999886e+02 3.858700000000000045e+02 3.859800000000000182e+02 3.861100000000000136e+02 3.862300000000000182e+02 3.861800000000000068e+02 3.860199999999999818e+02 3.858100000000000023e+02 3.854399999999999977e+02 3.850799999999999841e+02 3.846600000000000250e+02 3.843100000000000023e+02 3.838899999999999864e+02 3.835799999999999841e+02 3.833899999999999864e+02 3.831499999999999773e+02 3.829900000000000091e+02 3.827799999999999727e+02 3.826000000000000227e+02 3.824800000000000182e+02 3.823799999999999955e+02 3.822500000000000000e+02 3.821000000000000227e+02 3.819599999999999795e+02 3.818500000000000227e+02 3.817200000000000273e+02 3.815899999999999750e+02 3.814499999999999886e+02 3.812799999999999727e+02 3.810899999999999750e+02 3.808600000000000136e+02 3.807200000000000273e+02
3.847300000000000182e+02 3.848799999999999955e+02 3.850000000000000000e+02 3.852300000000000182e+02 3.853999999999999773e+02 3.855799999999999841e+02 3.857300000000000182e+02 3.858500000000000227e+02 3.859599999999999795e+02 3.860699999999999932e+02 3.860799999999999841e+02 3.860099999999999909e+02 3.857699999999999818e+02 3.854100000000000250e+02 3.850500000000000114e+02 3.846800000000000068e+02 3.842799999999999727e+02 3.839399999999999977e+02 3.837200000000000273e+02 3.835199999999999818e+02 3.832699999999999818e+02 3.830899999999999750e+02 3.829399999999999977e+02 3.827799999999999727e+02 3.825899999999999750e+02 3.825000000000000000e+02 3.823799999999999955e+02 3.822599999999999909e+02 3.821100000000000136e+02 3.819599999999999795e+02 3.819100000000000250e+02 3.817400000000000091e+02 3.816100000000000136e+02 3.814300000000000068e+02 3.812400000000000091e+02 3.810000000000000000e+02 3.808100000000000023e+02
3.846000000000000227e+02 3.847400000000000091e+02 3.848899999999999864e+02 3.851000000000000227e+02 3.852699999999999818e+02 3.854100000000000250e+02 3.855500000000000114e+02 3.857200000000000273e+02 3.858000000000000114e+02 3.859399999999999977e+02 3.859800000000000182e+02 3.859399999999999977e+02 3.857699999999999818e+02 3.854200000000000159e+02 3.850699999999999932e+02 3.846700000000000159e+02 3.843000000000000114e+02 3.840000000000000000e+02 3.838100000000000023e+02 3.835899999999999750e+02 3.833700000000000045e+02 3.831999999999999886e+02 3.830699999999999932e+02 3.829200000000000159e+02 3.827900000000000205e+02 3.826399999999999864e+02 3.825199999999999818e+02 3.823799999999999955e+02 3.822699999999999818e+02 3.821399999999999864e+02 3.820699999999999932e+02 3.819300000000000068e+02 3.817599999999999909e+02 3.815500000000000114e+02 3.813600000000000136e+02 3.811100000000000136e+02 3.809499999999999886e+02
3.844800000000000182e+02 3.846499999999999773e+02 3.847400000000000091e+02 3.849499999999999886e+02 3.851100000000000136e+02 3.852500000000000000e+02 3.853600000000000136e+02 3.855500000000000114e+02 3.856800000000000068e+02 3.858199999999999932e+02 3.858600000000000136e+02 3.858500000000000227e+02 3.857200000000000273e+02 3.854499999999999886e+02 3.850899999999999750e+02 3.846999999999999886e+02 3.843700000000000045e+02 3.840600000000000023e+02 3.838700000000000045e+02 3.836600000000000250e+02 3.834499999999999886e+02 3.832699999999999818e+02 3.831100000000000136e+02 3.829700000000000273e+02 3.828299999999999841e+02 3.826800000000000068e+02 3.826000000000000227e+02 3.825000000000000000e+02 3.824100000000000250e+02 3.822699999999999818e+02 3.821899999999999977e+02 3.820799999999999841e+02 3.819399999999999977e+02 3.817500000000000000e+02 3.815400000000000205e+02 3.812900000000000205e+02 3.811399999999999864e+02
3.843600000000000136e+02 3.844900000000000091e+02 3.846200000000000045e+02 3.847799999999999727e+02 3.849499999999999886e+02 3.850799999999999841e+02 3.852200000000000273e+02 3.853999999999999773e+02 3.855000000000000000e+02 3.856600000000000250e+02 3.857200000000000273e+02 3.857599999999999909e+02 3.856600000000000250e+02 3.854399999999999977e+02 3.851100000000000136e+02 3.847599999999999909e+02 3.844300000000000068e+02 3.841200000000000045e+02 3.838899999999999864e+02 3.837200000000000273e+02 3.835299999999999727e+02 3.833600000000000136e+02 3.831899999999999977e+02 3.830500000000000114e+02 3.828999999999999773e+02 3.828100000000000023e+02 3.827200000000000273e+02 3.826299999999999955e+02 3.825799999999999841e+02 3.824599999999999795e+02 3.823899999999999864e+02 3.822599999999999909e+02 3.821100000000000136e+02 3.819399999999999977e+02 3.817300000000000182e+02 3.814599999999999795e+02 3.812799999999999727e+02
3.842699999999999818e+02 3.843500000000000227e+02 3.844900000000000091e+02 3.846600000000000250e+02 3.848100000000000023e+02 3.849100000000000250e+02 3.850400000000000205e+02 3.852200000000000273e+02 3.853399999999999750e+02 3.854800000000000182e+02 3.856000000000000227e+02 3.856700000000000159e+02 3.856299999999999955e+02 3.854800000000000182e+02 3.852099999999999795e+02 3.848600000000000136e+02 3.845600000000000023e+02 3.841999999999999886e+02 3.839399999999999977e+02 3.837699999999999818e+02 3.836100000000000136e+02 3.834499999999999886e+02 3.833100000000000023e+02 3.831700000000000159e+02 3.830500000000000114e+02 3.829499999999999886e+02 3.828500000000000227e+02 3.827900000000000205e+02 3.827300000000000182e+02 3.826499999999999773e+02 3.825899999999999750e+02 3.824599999999999795e+02 3.822900000000000205e+02 3.821299999999999955e+02 3.818899999999999864e+02 3.816700000000000159e+02 3.814599999999999795e+02
3.841200000000000045e+02 3.842400000000000091e+02 3.843500000000000227e+02 3.845000000000000000e+02 3.846499999999999773e+02 3.847599999999999909e+02 3.848999999999999773e+02 3.850099999999999909e+02 3.851700000000000159e+02 3.853199999999999932e+02 3.854599999999999795e+02 3.855299999999999727e+02 3.855199999999999818e+02 3.854200000000000159e+02 3.852300000000000182e+02 3.849499999999999886e+02 3.846600000000000250e+02 3.843700000000000045e+02 3.841100000000000136e+02 3.839100000000000250e+02 3.837200000000000273e+02 3.835600000000000023e+02 3.834300000000000068e+02 3.833299999999999841e+02 3.832400000000000091e+02 3.831700000000000159e+02 3.830099999999999909e+02 3.830000000000000000e+02 3.829800000000000182e+02 3.828799999999999955e+02 3.828299999999999841e+02 3.826399999999999864e+02 3.824599999999999795e+02 3.823100000000000023e+02 3.820899999999999750e+02 3.818399999999999750e+02 3.816299999999999955e+02
3.840000000000000000e+02 3.841100000000000136e+02 3.841999999999999886e+02 3.843399999999999750e+02 3.844700000000000273e+02 3.845799999999999841e+02 3.847200000000000273e+02 3.848799999999999955e+02 3.850000000000000000e+02 3.851899999999999977e+02 3.853299999999999841e+02 3.854100000000000250e+02 3.854300000000000068e+02 3.854200000000000159e+02 3.852900000000000205e+02 3.850500000000000114e+02 3.848100000000000023e+02 3.845099999999999909e+02 3.842799999999999727e+02 3.840899999999999750e+02 3.839100000000000250e+02 3.837699999999999818e+02 3.836600000000000250e+02 3.835299999999999727e+02 3.834499999999999886e+02 3.833700000000000045e+02 3.832599999999999909e+02 3.832099999999999795e+02 3.831800000000000068e+02 3.830799999999999841e+02 3.830199999999999818e+02 3.828600000000000136e+02 3.826899999999999977e+02 3.825199999999999818e+02 3.822699999999999818e+02 3.820400000000000205e+02 3.818399999999999750e+02
3.838799999999999955e+02 3.839700000000000273e+02 3.840799999999999841e+02 3.842500000000000000e+02 3.843399999999999750e+02 3.844300000000000068e+02 3.845400000000000205e+02 3.846999999999999886e+02 3.848500000000000227e+02 3.850000000000000000e+02 3.851499999999999773e+02 3.852799999999999727e+02 3.853500000000000227e+02 3.854100000000000250e+02 3.853100000000000023e+02 3.851299999999999955e+02 3.849399999999999977e+02 3.847099999999999795e+02 3.844800000000000182e+02 3.843000000000000114e+02 3.841399999999999864e+02 3.840199999999999818e+02 3.838999999999999773e+02 3.838000000000000114e+02 3.836700000000000159e+02 3.836000000000000227e+02 3.835400000000000205e+02 3.834800000000000182e+02 3.834200000000000159e+02 3.833299999999999841e+02 3.833100000000000023e+02 3.831600000000000250e+02 3.829100000000000250e+02 3.827799999999999727e+02 3.825199999999999818e+02 3.822799999999999727e+02 3.821000000000000227e+02
3.837900000000000205e+02 3.838500000000000227e+02 3.839599999999999795e+02 3.840799999999999841e+02 3.841600000000000250e+02 3.842400000000000091e+02 3.843999999999999773e+02 3.845500000000000114e+02 3.846899999999999977e+02 3.848700000000000045e+02 3.850099999999999909e+02 3.851499999999999773e+02 3.852500000000000000e+02 3.853100000000000023e+02 3.853299999999999841e+02 3.852099999999999795e+02 3.850899999999999750e+02 3.848899999999999864e+02 3.847300000000000182e+02 3.845500000000000114e+02 3.843899999999999864e+02 3.842799999999999727e+02 3.841700000000000159e+02 3.840799999999999841e+02 3.839300000000000068e+02 3.838700000000000045e+02 3.838100000000000023e+02 3.837599999999999909e+02 3.836999999999999886e+02 3.835899999999999750e+02 3.835400000000000205e+02 3.834100000000000250e+02 3.831999999999999886e+02 3.831000000000000227e+02 3.828299999999999841e+02 3.825600000000000023e+02 3.823399999999999750e+02
3.836600000000000250e+02 3.837500000000000000e+02 3.838500000000000227e+02 3.839499999999999886e+02 3.840299999999999727e+02 3.841200000000000045e+02 3.842300000000000182e+02 3.843799999999999955e+02 3.845099999999999909e+02 3.846999999999999886e+02 3.848100000000000023e+02 3.850199999999999818e+02 3.851499999999999773e+02 3.852500000000000000e+02 3.852799999999999727e+02 3.852400000000000091e+02 3.851800000000000068e+02 3.850500000000000114e+02 3.849300000000000068e+02 3.848000000000000114e+02 3.846999999999999886e+02 3.845600000000000023e+02 3.844399999999999977e+02 3.843500000000000227e+02 3.842400000000000091e+02 3.841499999999999773e+02 3.841200000000000045e+02 3.840299999999999727e+02 3.839800000000000182e+02 3.838799999999999955e+02 3.837799999999999727e+02 3.836700000000000159e+02 3.834900000000000091e+02 3.833199999999999932e+02 3.830400000000000205e+02 3.828299999999999841e+02 3.825899999999999750e+02
3.835299999999999727e+02 3.836399999999999864e+02 3.837099999999999795e+02 3.838299999999999841e+02 3.838999999999999773e+02 3.839800000000000182e+02 3.841000000000000227e+02 3.842200000000000273e+02 3.843600000000000136e+02 3.845600000000000023e+02 3.846800000000000068e+02 3.848799999999999955e+02 3.850000000000000000e+02 3.851100000000000136e+02 3.852400000000000091e+02 3.852699999999999818e+02 3.852500000000000000e+02 3.851399999999999864e+02 3.851600000000000250e+02 3.850600000000000023e+02 3.849300000000000068e+02 3.848700000000000045e+02 3.847200000000000273e+02 3.846499999999999773e+02 3.845699999999999932e+02 3.844499999999999886e+02 3.843799999999999955e+02 3.843299999999999841e+02 3.843000000000000114e+02 3.842099999999999795e+02 3.841299999999999955e+02 3.840000000000000000e+02 3.838399999999999750e+02 3.836499999999999773e+02 3.833500000000000227e+02 3.831499999999999773e+02 3.828799999999999955e+02
3.834300000000000068e+02 3.834800000000000182e+02 3.835799999999999841e+02 3.836899999999999977e+02 3.837799999999999727e+02 3.838500000000000227e+02 3.839599999999999795e+02 3.840899999999999750e+02 3.841899999999999977e+02 3.843700000000000045e+02 3.845500000000000114e+02 3.847099999999999795e+02 3.848700000000000045e+02 3.850000000000000000e+02 3.851600000000000250e+02 3.852300000000000182e+02 3.852799999999999727e+02 3.852699999999999818e+02 3.853000000000000114e+02 3.852500000000000000e+02 3.851800000000000068e+02 3.851299999999999955e+02 3.850000000000000000e+02 3.848999999999999773e+02 3.848600000000000136e+02 3.847300000000000182e+02 3.846899999999999977e+02 3.845799999999999841e+02 3.845500000000000114e+02 3.844800000000000182e+02 3.844100000000000250e+02 3.842300000000000182e+02 3.840600000000000023e+02 3.838999999999999773e+02 3.836700000000000159e+02 3.834700000000000273e+02 3.831800000000000068e+02
3.833500000000000227e+02 3.833999999999999773e+02 3.834900000000000091e+02 3.835799999999999841e+02 3.836899999999999977e+02 3.837200000000000273e+02 3.838100000000000023e+02 3.839499999999999886e+02 3.841000000000000227e+02 3.842300000000000182e+02 3.844100000000000250e+02 3.845699999999999932e+02 3.847300000000000182e+02 3.848899999999999864e+02 3.850500000000000114e+02 3.851899999999999977e+02 3.852699999999999818e+02 3.853399999999999750e+02 3.853399999999999750e+02 3.853299999999999841e+02 3.853500000000000227e+02 3.853000000000000114e+02 3.852300000000000182e+02 3.851399999999999864e+02 3.851100000000000136e+02 3.850199999999999818e+02 3.849399999999999977e+02 3.848899999999999864e+02 3.848399999999999750e+02 3.847599999999999909e+02 3.846399999999999864e+02 3.845099999999999909e+02 3.843700000000000045e+02 3.841600000000000250e+02 3.839399999999999977e+02 3.837799999999999727e+02 3.835199999999999818e+02
3.832300000000000182e+02 3.833000000000000114e+02 3.833700000000000045e+02 3.834499999999999886e+02 3.835099999999999909e+02 3.836000000000000227e+02 3.836999999999999886e+02 3.838199999999999932e+02 3.839499999999999886e+02 3.840799999999999841e+02 3.842599999999999909e+02 3.844100000000000250e+02 3.845799999999999841e+02 3.847699999999999818e+02 3.849499999999999886e+02 3.850500000000000114e+02 3.851899999999999977e+02 3.852699999999999818e+02 3.853500000000000227e+02 3.853899999999999864e+02 3.854300000000000068e+02 3.854200000000000159e+02 3.853500000000000227e+02 3.853000000000000114e+02 3.852699999999999818e+02 3.851899999999999977e+02 3.850899999999999750e+02 3.850299999999999727e+02 3.849700000000000273e+02 3.849499999999999886e+02 3.847900000000000205e+02 3.847200000000000273e+02 3.845899999999999750e+02 3.844399999999999977e+02 3.842300000000000182e+02 3.840500000000000114e+02 3.838100000000000023e+02
