SOC_LEM/input/willis_NDVI.txt
ncols         259
nrows         247
xllcorner     463439
yllcorner     4756390
cellsize      3
NODATA_value  -9999
[rows 96 to 111 of 247, columns 111 to 147 of 259]
-2.190790990852485923e-02 -1.949903660886319681e-02 -1.521057861346787436e-02 -1.853673299538473318e-02 -2.388260837014304777e-02 -2.042028662656864349e-02 -1.533901444979623475e-02 -1.735213763567895404e-02 -1.863354037267080793e-02 -1.747263104473284132e-02 -1.882645960002930427e-02 -1.559946516119448644e-02 -1.826930305992024300e-02 -2.357920193470373210e-02 -1.821439235592714478e-02 -1.446494464944651087e-02 -1.827830188679245571e-02 -2.030231179608772696e-02 -1.862891207153502537e-02 -1.689616672869371714e-02 -1.371883758666471963e-02 -1.331393233903239645e-02 -2.224447464415991657e-02 -3.259874674364571928e-02 -3.355235565496995226e-02 -3.073813340768106681e-02 -2.889043963712493654e-02 -3.009097270818756470e-02 -3.474362566545251274e-02 -3.435114503816794063e-02 -2.905933845160367165e-02 -2.283436027546217537e-02 -1.741750569559786035e-02 -1.385456451733687970e-02 -1.067073170731710346e-02 -1.406262139693880558e-02 -2.139079643223616364e-02
-1.976224729310213993e-02 -1.526080024295802841e-02 -1.123764989818232599e-02 -1.636893639285448218e-02 -1.949202598936798647e-02 -1.623519087319000645e-02 -1.463700234192039096e-02 -1.449275362318842159e-02 -1.178682478848791862e-02 -1.267091416708427710e-02 -1.743723319586130971e-02 -1.414677276746244099e-02 -1.814092953523238627e-02 -2.614477860057432337e-02 -2.137838241889668950e-02 -1.128235380871619835e-02 -9.056770488182054255e-03 -1.516954193932184593e-02 -1.831281897328130084e-02 -1.615933859451328461e-02 -1.273932801907176615e-02 -1.257677683533199066e-02 -2.257787939411258493e-02 -3.409569243721061182e-02 -3.560500695410292321e-02 -3.360531046881483352e-02 -3.117008777386137339e-02 -2.996670366259713419e-02 -3.214136635592042268e-02 -3.308565820832749804e-02 -2.730448420902541543e-02 -1.942028985507246452e-02 -1.514260511614232488e-02 -1.136533572603555184e-02 -1.246390028879771315e-02 -1.850847982653140364e-02 -2.330708661417322039e-02
-2.187028657616892080e-02 -2.029380584582764907e-02 -1.976165334137878690e-02 -2.242085661080073233e-02 -2.157852388267134103e-02 -1.693443334780714640e-02 -1.647434501778069146e-02 -1.840669334303383226e-02 -1.753626326044598407e-02 -1.654609268677029177e-02 -1.721529928689764788e-02 -1.322809325440329510e-02 -1.197471178876908550e-02 -1.662529150680803688e-02 -1.708377041810281091e-02 -8.951690463860359839e-03 -2.945941964943347546e-03 -9.284706231894857692e-03 -1.543764988009586892e-02 -1.050577817799786158e-02 -7.684846676117259787e-03 -1.247248716067500540e-02 -2.247110345322706274e-02 -3.193064072742653192e-02 -3.271613531950439552e-02 -2.986312733305684225e-02 -2.727335496789335886e-02 -2.634672567595599049e-02 -2.745043671149316813e-02 -2.476910159529810765e-02 -1.457559302657903538e-02 -1.039017656034291193e-02 -1.264148169925035335e-02 -1.076394079832557193e-02 -1.558342835423794613e-02 -2.447714949651431243e-02 -2.750413744187877110e-02
-2.331920048455480080e-02 -2.434215515280198361e-02 -2.490407042359496156e-02 -2.334170483084649014e-02 -2.249222535618722318e-02 -2.089894073862008650e-02 -1.867816091954022789e-02 -1.833405514652807627e-02 -1.879184966520267355e-02 -1.786611178876372150e-02 -1.505872180992868029e-02 -1.189346953666547621e-02 -1.067140951534018174e-02 -1.123763859754266237e-02 -1.062874251497002154e-02 -7.182524990744210656e-03 -2.575612627860827692e-03 -5.690636316606358970e-03 -1.194627884544040633e-02 -9.076030352626066056e-03 -7.815407517677680146e-03 -1.266381976144899911e-02 -1.992609231215129034e-02 -2.557526537009329609e-02 -2.476324096808141251e-02 -2.045075125208680247e-02 -1.762420205384401806e-02 -2.007198228128459841e-02 -2.433964873461482922e-02 -2.114592783864894729e-02 -1.233159883099296285e-02 -1.274992755722974269e-02 -1.511150234741785552e-02 -1.144609860103235240e-02 -1.660825841840622707e-02 -2.758834469931801051e-02 -3.092296797545050074e-02
-2.123142250530784744e-02 -2.155335400438628674e-02 -2.197065614061219016e-02 -2.105033141525237961e-02 -2.205410034972520028e-02 -2.277726530901864541e-02 -1.952091526635680446e-02 -1.613135532190696289e-02 -1.303940638282539803e-02 -1.233328552990106686e-02 -1.385001794043776158e-02 -1.380613282953054195e-02 -1.263204550491248482e-02 -1.067562523329596870e-02 -7.610804357558546666e-03 -4.068348250610305354e-03 -2.360230122436996359e-03 -7.405213270142221860e-03 -1.348347903393097222e-02 -1.271280945654600439e-02 -1.126613444751171055e-02 -1.142094334025514461e-02 -1.553341148886284995e-02 -1.777617848146815366e-02 -1.461761175058259692e-02 -1.055427413154396213e-02 -9.391304347826054041e-03 -1.439844939775717682e-02 -1.975138121546960585e-02 -2.099847031010984924e-02 -2.129465864874423991e-02 -2.196298696622739355e-02 -1.853615649498132137e-02 -1.371300112401643671e-02 -1.880446414921265949e-02 -2.771326830778755163e-02 -2.814698983580926975e-02
-1.617047000151126956e-02 -1.358348968105060894e-02 -1.722868502429687060e-02 -2.270924951337327524e-02 -2.659008721548603363e-02 -2.467302933898901651e-02 -1.947635014625097652e-02 -1.678795302255206220e-02 -1.027199074074070483e-02 -6.189722182236914727e-03 -1.187819451443376459e-02 -1.532175689479061548e-02 -1.304863582443655835e-02 -9.502431724653913683e-03 -7.906907354915681391e-03 -4.131621661502192684e-03 -2.502576181363226366e-03 -9.988901220865736841e-03 -1.425601425601427316e-02 -1.212030525213223311e-02 -1.199940002999845719e-02 -1.297152229014464711e-02 -1.757754800590842492e-02 -1.710392810552254644e-02 -8.634111818825227977e-03 -3.213188041352321809e-03 -4.032258064516115043e-03 -9.407858328721667787e-03 -1.419710544452103262e-02 -1.902192709414124092e-02 -2.503516174402247926e-02 -2.452708048622603831e-02 -1.798165137614679207e-02 -1.236418134132629548e-02 -1.471821856173264817e-02 -2.061221350561451629e-02 -2.037338291114725725e-02
-1.156850961538457429e-02 -7.965458199955305699e-03 -1.330020461853261352e-02 -2.074212301729705388e-02 -2.528507684680215625e-02 -2.362648987939909226e-02 -1.861324239840863454e-02 -1.637216011539848956e-02 -1.129490636158270341e-02 -7.707969749854538984e-03 -1.134875600174592263e-02 -1.286859327891758976e-02 -1.116403691574876372e-02 -8.614877518915244059e-03 -8.879934333258680118e-03 -7.767995857068916467e-03 -9.166173861620378893e-03 -1.894331804055054275e-02 -1.898546425393058540e-02 -1.114685419316222524e-02 -9.727626459143934312e-03 -1.232917409388000103e-02 -1.715126978284873746e-02 -1.681646854160627133e-02 -8.863362405162054578e-03 -4.192872117400404768e-03 -5.983857500695776051e-03 -7.345807345807319616e-03 -9.653840849538023600e-03 -1.665860233635170148e-02 -2.310880101144902402e-02 -2.222861664628442493e-02 -1.588001764446406172e-02 -1.055784350430546623e-02 -1.063022019741840553e-02 -1.435114503816795582e-02 -1.462592847844400128e-02
-8.289149428720754206e-03 -5.169103529759316688e-03 -8.651399491094117350e-03 -1.570905960834947934e-02 -2.057029365867497905e-02 -2.042541202986335180e-02 -1.668080294034492844e-02 -1.327782961314865652e-02 -1.221818181818177390e-02 -1.289617486338799981e-02 -1.354500436935626717e-02 -1.201465201465203893e-02 -1.243339253996449990e-02 -1.327169698777216564e-02 -1.241912694281254760e-02 -9.487103468722240043e-03 -1.323616894705534515e-02 -2.651318232454509191e-02 -2.578200460658293391e-02 -1.457725947521867557e-02 -9.626147302440083223e-03 -7.315451119485743073e-03 -8.773212457961726551e-03 -1.384961206583999044e-02 -1.671089435559062336e-02 -1.652599475140081181e-02 -1.419137276942533318e-02 -7.665505226480809342e-03 -5.202913631633696717e-03 -1.356899311112652606e-02 -2.080835155533609579e-02 -1.850651688629653333e-02 -1.380323054331866750e-02 -1.223150357995229226e-02 -1.301452784503634268e-02 -1.364017374076051739e-02 -1.049908703590995279e-02
1.711691597826889765e-03 -1.837829890465331921e-03 -7.264274298997504091e-03 -1.650638725419836805e-02 -2.241074584658888508e-02 -2.151517275211996608e-02 -1.889708465050930417e-02 -1.600170684873053820e-02 -1.534471579857359970e-02 -1.527546514153328358e-02 -1.310549561943373867e-02 -1.184334810724401756e-02 -1.524032825322392884e-02 -2.061627133673242865e-02 -2.016397075116330151e-02 -1.334709829658581835e-02 -1.466015104398046831e-02 -2.685061563566233656e-02 -2.801515939659653467e-02 -1.811945417940497016e-02 -1.140684410646383880e-02 -4.583764601508257854e-03 -5.055315407722159315e-03 -1.689955373472822389e-02 -2.742923840093379473e-02 -2.727666329917740468e-02 -1.829527726563607778e-02 -9.228187919463054847e-03 -4.377127770443950579e-03 -9.208874005860160153e-03 -1.618946624248851843e-02 -1.511226252158895736e-02 -1.353229463828544213e-02 -1.475932655937107520e-02 -1.502680661481538976e-02 -1.375095492742553493e-02 -1.139644430937550301e-02
1.055605114481121022e-02 3.892193581552524408e-03 -4.731746378394100991e-03 -1.598962834917891720e-02 -2.123442808607020268e-02 -1.894442502621460772e-02 -1.800167457437901186e-02 -1.966589130894480161e-02 -1.978712765197513518e-02 -1.631333093783687155e-02 -1.288047780096419209e-02 -1.335450804879804651e-02 -1.764577735821654808e-02 -2.370500438981561209e-02 -2.362782506604049065e-02 -1.667768716479318958e-02 -1.453123847458879028e-02 -2.095013278253171282e-02 -2.356753571954630852e-02 -1.767359313761739797e-02 -1.189060642092749226e-02 -7.901927479506723820e-03 -1.248531139835490009e-02 -2.356059490502133633e-02 -3.094450569643509424e-02 -3.080052302774954898e-02 -1.949068146251244082e-02 -9.300048947626007173e-03 -6.123869171885851573e-03 -7.840940912909521651e-03 -1.210962396430849755e-02 -1.358832410669352266e-02 -1.314636283961439361e-02 -1.192680939328841748e-02 -1.083358411074326552e-02 -1.130414991275323355e-02 -1.583232810615200353e-02
1.005322294500298960e-02 7.482394366197223437e-03 -1.529831718510958356e-03 -1.276227557862855133e-02 -1.539990064580229467e-02 -1.188312596113514502e-02 -9.704699847497539819e-03 -1.502550842127327139e-02 -2.140022675736960242e-02 -1.891891891891891650e-02 -1.601081619583007848e-02 -1.714285714285714718e-02 -2.081240132051096967e-02 -2.295697372220623089e-02 -1.887340301974448423e-02 -1.225740551583250591e-02 -8.709653809558699084e-03 -1.245538640833275014e-02 -1.778326195833636325e-02 -1.670329670329671196e-02 -1.128401799542741966e-02 -8.486976880304397328e-03 -1.685270299846794440e-02 -2.345009526601200475e-02 -2.305834126345068444e-02 -2.493638676844787960e-02 -1.803349076857019978e-02 -6.056338028168991965e-03 -3.498460677301974599e-03 -6.389103419223455572e-03 -7.729948230621978486e-03 -9.134719125368593456e-03 -8.909011245801049320e-03 -5.988023952095854717e-03 -6.710408589322970803e-03 -1.172954800149416874e-02 -1.967799642218246575e-02
2.863646376385921202e-03 5.848808305307772598e-04 -8.510947843165750371e-03 -1.536914679689745274e-02 -1.306589448407375134e-02 -8.763388510223922567e-03 -4.261754193016270044e-03 -7.042253521126735569e-03 -1.583757761808408590e-02 -1.857801368906271400e-02 -2.013141339298202270e-02 -2.176354956472899629e-02 -2.421461348393926308e-02 -2.279202279202277581e-02 -1.451775190455657435e-02 -7.876291639569304309e-03 -6.144726378948868473e-03 -1.048699899439732054e-02 -1.660556394220401646e-02 -1.965655827548410534e-02 -1.666666666666667684e-02 -1.288056206088995098e-02 -1.838342573679603575e-02 -1.921531380141740242e-02 -1.449908925318763031e-02 -1.477190441708901326e-02 -1.117798796216683439e-02 -1.560947921101236762e-03 5.635390250774846305e-04 -4.639392661324319087e-03 -5.804077010192568511e-03 -3.875412659681341191e-03 -2.687976752633481053e-03 -7.333528894103816557e-04 -4.655975168132487664e-03 -1.311402533896423653e-02 -2.154211855593521699e-02
-6.803716438656790162e-03 -8.329108423263531860e-03 -1.480523214029036590e-02 -1.636093207734259231e-02 -1.226993865030670539e-02 -9.585545824425931172e-03 -6.238431480085048116e-03 -6.876633200385129548e-03 -1.242236024844722321e-02 -1.673668985467319237e-02 -2.072003854890891797e-02 -2.278690788565113437e-02 -2.312660601430659504e-02 -1.873289833719216785e-02 -1.063678910792797971e-02 -7.771836007130161761e-03 -1.106115749661031565e-02 -1.507180435091711596e-02 -1.519800214056369128e-02 -1.671268710943177652e-02 -1.930445033893309764e-02 -2.012829020128290014e-02 -2.378322656652675018e-02 -2.064506649033869337e-02 -1.151435650779772391e-02 -8.293069878127900391e-03 -8.082397539517952728e-03 -3.916542049419689982e-03 -9.224437664088520764e-04 -3.679071741898953633e-03 -3.769827156981344057e-03 5.029819645038424627e-04 1.880514971792268848e-03 2.918429884722008923e-03 5.165670430226533679e-04 -6.744237752908959285e-03 -1.606812291743799775e-02
-1.714536928487691084e-02 -1.566992524439333664e-02 -1.763331208837901065e-02 -1.616049038729445303e-02 -1.382488479262674284e-02 -1.271186440677967919e-02 -1.086882220247456163e-02 -1.147845212729399489e-02 -1.445882676948500277e-02 -1.767607563716086516e-02 -2.091423121466038856e-02 -2.140130861504906112e-02 -1.700726923604444288e-02 -1.106806862202548009e-02 -7.460085058913729777e-03 -9.665219218377889623e-03 -1.688238604389420694e-02 -1.960784313725489475e-02 -1.291696238466999609e-02 -9.718522784536715378e-03 -1.401459854014600395e-02 -1.736060026482272312e-02 -2.203552214606823573e-02 -2.334830964130513511e-02 -1.438061172348348293e-02 -8.439731659813863932e-03 -8.609556607834665393e-03 -5.869720830350731028e-03 -3.500750160748719413e-03 -4.859919954259560131e-03 -2.157962883038403931e-03 3.614283648980759142e-03 3.041714947856304346e-03 1.606073879398446603e-03 1.182732111176814423e-03 -3.114802729160475771e-03 -1.095346614717344555e-02
-2.257286872671486824e-02 -2.254347670507405449e-02 -2.330165434706087460e-02 -2.152100200678152414e-02 -1.808750255955224664e-02 -1.729399796541200574e-02 -2.108269858541892208e-02 -2.277404307861159022e-02 -1.959705700336931283e-02 -1.837557210191952811e-02 -1.990790899241602629e-02 -1.866630596510212084e-02 -1.143323805634955184e-02 -5.538461538461581478e-03 -6.573541495480729815e-03 -1.140736668499177549e-02 -1.760953965612867614e-02 -1.936385879063264037e-02 -1.193081539004590963e-02 -7.360823268777284129e-03 -9.829430471234426592e-03 -1.311188811188813280e-02 -1.867250182348650922e-02 -2.223194110357896644e-02 -1.573946471313550713e-02 -1.067512983266008866e-02 -1.066128799884739041e-02 -8.271596058404630941e-03 -6.955898171387569356e-03 -8.385293485271954825e-03 -4.894903541606663092e-03 2.457002457002448268e-03 2.534578897820253043e-03 -2.478495407493795048e-03 -7.969303423848918266e-03 -1.242787394585000149e-02 -1.364436619718311858e-02
-2.121497357179065804e-02 -2.436598707110887788e-02 -2.661437176075083857e-02 -2.692254590639234571e-02 -2.170510988637135499e-02 -2.025111381125966822e-02 -3.048367429887550648e-02 -3.366174055829228295e-02 -2.301054650047936953e-02 -1.640460145667415812e-02 -1.624695369618197119e-02 -1.699505721443564377e-02 -1.425468368178116861e-02 -9.071215813701564989e-03 -9.661509357475811521e-03 -1.481179508085338735e-02 -1.722363274548823278e-02 -1.758028792912513794e-02 -1.425576519916137500e-02 -1.153002758718259420e-02 -1.158632527535405007e-02 -1.237944436447382945e-02 -1.272557336976060625e-02 -1.168207553931056505e-02 -8.680680106176882904e-03 -9.859661748830478994e-03 -1.485862665897282747e-02 -1.332565007563202113e-02 -8.169700444317012228e-03 -6.136720422434750397e-03 -3.570918440222812813e-03 6.468770214906898906e-04 -1.445922498554072467e-03 -9.087604507451803662e-03 -1.653803748621831063e-02 -1.947189851010473413e-02 -1.758775480167783234e-02
