SOC_LEM/input/willis_2_dem.txt
ncols         86
nrows         205
xllcorner     463430
yllcorner     4756387
cellsize      3
NODATA_value  -9999
[rows 51 to 67 of 205, columns 0 to 36 of 86]
3.861299999999999955e+02 3.860000000000000000e+02 3.858199999999999932e+02 3.856399999999999864e+02 3.855000000000000000e+02 3.853600000000000136e+02 3.851800000000000068e+02 3.850400000000000205e+02 3.849499999999999886e+02 3.848899999999999864e+02 3.847200000000000273e+02 3.846299999999999955e+02 3.844599999999999795e+02 3.843600000000000136e+02 3.843100000000000023e+02 3.841299999999999955e+02 3.840600000000000023e+02 3.839700000000000273e+02 3.838199999999999932e+02 3.836800000000000068e+02 3.835699999999999932e+02 3.834100000000000250e+02 3.833000000000000114e+02 3.831800000000000068e+02 3.831100000000000136e+02 3.829900000000000091e+02 3.828700000000000045e+02 3.828399999999999750e+02 3.828399999999999750e+02 3.828899999999999864e+02 3.829200000000000159e+02 3.829499999999999886e+02 3.829300000000000068e+02 3.829300000000000068e+02 3.829200000000000159e+02 3.829900000000000091e+02 3.830799999999999841e+02
3.860600000000000023e+02 3.859900000000000091e+02 3.858199999999999932e+02 3.856700000000000159e+02 3.855299999999999727e+02 3.854100000000000250e+02 3.852400000000000091e+02 3.851100000000000136e+02 3.850600000000000023e+02 3.849599999999999795e+02 3.848100000000000023e+02 3.846899999999999977e+02 3.845199999999999818e+02 3.844300000000000068e+02 3.843700000000000045e+02 3.841600000000000250e+02 3.840899999999999750e+02 3.839800000000000182e+02 3.838100000000000023e+02 3.836999999999999886e+02 3.835400000000000205e+02 3.834399999999999977e+02 3.832900000000000205e+02 3.831700000000000159e+02 3.830799999999999841e+02 3.829700000000000273e+02 3.828899999999999864e+02 3.828000000000000114e+02 3.828199999999999932e+02 3.828199999999999932e+02 3.828600000000000136e+02 3.828799999999999955e+02 3.828600000000000136e+02 3.828199999999999932e+02 3.828700000000000045e+02 3.828999999999999773e+02 3.829800000000000182e+02
3.859700000000000273e+02 3.858999999999999773e+02 3.857699999999999818e+02 3.856499999999999773e+02 3.855500000000000114e+02 3.854300000000000068e+02 3.853199999999999932e+02 3.851899999999999977e+02 3.851299999999999955e+02 3.850099999999999909e+02 3.848700000000000045e+02 3.847500000000000000e+02 3.845899999999999750e+02 3.844599999999999795e+02 3.843799999999999955e+02 3.841999999999999886e+02 3.841200000000000045e+02 3.839900000000000091e+02 3.838299999999999841e+02 3.837200000000000273e+02 3.835699999999999932e+02 3.834499999999999886e+02 3.833199999999999932e+02 3.831700000000000159e+02 3.830899999999999750e+02 3.830000000000000000e+02 3.829100000000000250e+02 3.827900000000000205e+02 3.827500000000000000e+02 3.827500000000000000e+02 3.827699999999999818e+02 3.827900000000000205e+02 3.827900000000000205e+02 3.827799999999999727e+02 3.827699999999999818e+02 3.828100000000000023e+02 3.828600000000000136e+02
3.858799999999999955e+02 3.858100000000000023e+02 3.857300000000000182e+02 3.856499999999999773e+02 3.855400000000000205e+02 3.854499999999999886e+02 3.853299999999999841e+02 3.852400000000000091e+02 3.851700000000000159e+02 3.850600000000000023e+02 3.848999999999999773e+02 3.847799999999999727e+02 3.846399999999999864e+02 3.845199999999999818e+02 3.843999999999999773e+02 3.841800000000000068e+02 3.841200000000000045e+02 3.840000000000000000e+02 3.838199999999999932e+02 3.836999999999999886e+02 3.835699999999999932e+02 3.834200000000000159e+02 3.832900000000000205e+02 3.831600000000000250e+02 3.830699999999999932e+02 3.830199999999999818e+02 3.829200000000000159e+02 3.828199999999999932e+02 3.827200000000000273e+02 3.826700000000000159e+02 3.826999999999999886e+02 3.827099999999999795e+02 3.827200000000000273e+02 3.827200000000000273e+02 3.827099999999999795e+02 3.827699999999999818e+02 3.828000000000000114e+02
3.857599999999999909e+02 3.857300000000000182e+02 3.856600000000000250e+02 3.856200000000000045e+02 3.855899999999999750e+02 3.854700000000000273e+02 3.853999999999999773e+02 3.853100000000000023e+02 3.852200000000000273e+02 3.850899999999999750e+02 3.849900000000000091e+02 3.848600000000000136e+02 3.846800000000000068e+02 3.845799999999999841e+02 3.844200000000000159e+02 3.842400000000000091e+02 3.841200000000000045e+02 3.839800000000000182e+02 3.838299999999999841e+02 3.836899999999999977e+02 3.835299999999999727e+02 3.834300000000000068e+02 3.832699999999999818e+02 3.831700000000000159e+02 3.830500000000000114e+02 3.830099999999999909e+02 3.828999999999999773e+02 3.827900000000000205e+02 3.827099999999999795e+02 3.826600000000000250e+02 3.826600000000000250e+02 3.826600000000000250e+02 3.826700000000000159e+02 3.826999999999999886e+02 3.826600000000000250e+02 3.826999999999999886e+02 3.827400000000000091e+02
3.856600000000000250e+02 3.856299999999999955e+02 3.856200000000000045e+02 3.856100000000000136e+02 3.855699999999999932e+02 3.854800000000000182e+02 3.854300000000000068e+02 3.853700000000000045e+02 3.852799999999999727e+02 3.851399999999999864e+02 3.850400000000000205e+02 3.848899999999999864e+02 3.846899999999999977e+02 3.845899999999999750e+02 3.844399999999999977e+02 3.842699999999999818e+02 3.841499999999999773e+02 3.840000000000000000e+02 3.838299999999999841e+02 3.836999999999999886e+02 3.835400000000000205e+02 3.834599999999999795e+02 3.833000000000000114e+02 3.831399999999999864e+02 3.830899999999999750e+02 3.830099999999999909e+02 3.828999999999999773e+02 3.828000000000000114e+02 3.827599999999999909e+02 3.826399999999999864e+02 3.826200000000000045e+02 3.826000000000000227e+02 3.825899999999999750e+02 3.826399999999999864e+02 3.825899999999999750e+02 3.826399999999999864e+02 3.826700000000000159e+02
3.855400000000000205e+02 3.855199999999999818e+02 3.855400000000000205e+02 3.855799999999999841e+02 3.856000000000000227e+02 3.855500000000000114e+02 3.854800000000000182e+02 3.854200000000000159e+02 3.853399999999999750e+02 3.851899999999999977e+02 3.850500000000000114e+02 3.849300000000000068e+02 3.847699999999999818e+02 3.846499999999999773e+02 3.844900000000000091e+02 3.843100000000000023e+02 3.842099999999999795e+02 3.839900000000000091e+02 3.838600000000000136e+02 3.837200000000000273e+02 3.835299999999999727e+02 3.834100000000000250e+02 3.832900000000000205e+02 3.831600000000000250e+02 3.830600000000000023e+02 3.829499999999999886e+02 3.828899999999999864e+02 3.827900000000000205e+02 3.827300000000000182e+02 3.826499999999999773e+02 3.825799999999999841e+02 3.825500000000000114e+02 3.825299999999999727e+02 3.825699999999999932e+02 3.825500000000000114e+02 3.825899999999999750e+02 3.825899999999999750e+02
3.854100000000000250e+02 3.854499999999999886e+02 3.854800000000000182e+02 3.855199999999999818e+02 3.855699999999999932e+02 3.855600000000000023e+02 3.855299999999999727e+02 3.854900000000000091e+02 3.853999999999999773e+02 3.853100000000000023e+02 3.851499999999999773e+02 3.850099999999999909e+02 3.848299999999999841e+02 3.847099999999999795e+02 3.845400000000000205e+02 3.843100000000000023e+02 3.842300000000000182e+02 3.840500000000000114e+02 3.839100000000000250e+02 3.837599999999999909e+02 3.835500000000000114e+02 3.834399999999999977e+02 3.833299999999999841e+02 3.831800000000000068e+02 3.831000000000000227e+02 3.829900000000000091e+02 3.829100000000000250e+02 3.828100000000000023e+02 3.827200000000000273e+02 3.826499999999999773e+02 3.826399999999999864e+02 3.825400000000000205e+02 3.824900000000000091e+02 3.825099999999999909e+02 3.824900000000000091e+02 3.825199999999999818e+02 3.825299999999999727e+02
3.852599999999999909e+02 3.853199999999999932e+02 3.854100000000000250e+02 3.854700000000000273e+02 3.855500000000000114e+02 3.855699999999999932e+02 3.855899999999999750e+02 3.855600000000000023e+02 3.854800000000000182e+02 3.853899999999999864e+02 3.852400000000000091e+02 3.850799999999999841e+02 3.849300000000000068e+02 3.847300000000000182e+02 3.845600000000000023e+02 3.843799999999999955e+02 3.842799999999999727e+02 3.840799999999999841e+02 3.839399999999999977e+02 3.837799999999999727e+02 3.835899999999999750e+02 3.834800000000000182e+02 3.833199999999999932e+02 3.831700000000000159e+02 3.830899999999999750e+02 3.829700000000000273e+02 3.828700000000000045e+02 3.827900000000000205e+02 3.827200000000000273e+02 3.826299999999999955e+02 3.826000000000000227e+02 3.825500000000000114e+02 3.825000000000000000e+02 3.824599999999999795e+02 3.824800000000000182e+02 3.824700000000000273e+02 3.825000000000000000e+02
3.850899999999999750e+02 3.851899999999999977e+02 3.852900000000000205e+02 3.854200000000000159e+02 3.855199999999999818e+02 3.855600000000000023e+02 3.856399999999999864e+02 3.855899999999999750e+02 3.855699999999999932e+02 3.854700000000000273e+02 3.853399999999999750e+02 3.851700000000000159e+02 3.850199999999999818e+02 3.848199999999999932e+02 3.846100000000000136e+02 3.844700000000000273e+02 3.843399999999999750e+02 3.841399999999999864e+02 3.839900000000000091e+02 3.838299999999999841e+02 3.836000000000000227e+02 3.834900000000000091e+02 3.833299999999999841e+02 3.831600000000000250e+02 3.831200000000000045e+02 3.829700000000000273e+02 3.828500000000000227e+02 3.827799999999999727e+02 3.826800000000000068e+02 3.825899999999999750e+02 3.825500000000000114e+02 3.824900000000000091e+02 3.824300000000000068e+02 3.824800000000000182e+02 3.824100000000000250e+02 3.824499999999999886e+02 3.824300000000000068e+02
3.849499999999999886e+02 3.850600000000000023e+02 3.851700000000000159e+02 3.853100000000000023e+02 3.854200000000000159e+02 3.855500000000000114e+02 3.856200000000000045e+02 3.856600000000000250e+02 3.856200000000000045e+02 3.855600000000000023e+02 3.854599999999999795e+02 3.852699999999999818e+02 3.850799999999999841e+02 3.848700000000000045e+02 3.846999999999999886e+02 3.845500000000000114e+02 3.843999999999999773e+02 3.841800000000000068e+02 3.840500000000000114e+02 3.838500000000000227e+02 3.836700000000000159e+02 3.835699999999999932e+02 3.833299999999999841e+02 3.831999999999999886e+02 3.831000000000000227e+02 3.830099999999999909e+02 3.828500000000000227e+02 3.827599999999999909e+02 3.826600000000000250e+02 3.825799999999999841e+02 3.825400000000000205e+02 3.824399999999999977e+02 3.824800000000000182e+02 3.824399999999999977e+02 3.824200000000000159e+02 3.823999999999999773e+02 3.823799999999999955e+02
3.847799999999999727e+02 3.848999999999999773e+02 3.849900000000000091e+02 3.851999999999999886e+02 3.853500000000000227e+02 3.854399999999999977e+02 3.856100000000000136e+02 3.856700000000000159e+02 3.856800000000000068e+02 3.856700000000000159e+02 3.855299999999999727e+02 3.853899999999999864e+02 3.852099999999999795e+02 3.850099999999999909e+02 3.847900000000000205e+02 3.846299999999999955e+02 3.844599999999999795e+02 3.842699999999999818e+02 3.841299999999999955e+02 3.839200000000000159e+02 3.836899999999999977e+02 3.836100000000000136e+02 3.833999999999999773e+02 3.832300000000000182e+02 3.830899999999999750e+02 3.830099999999999909e+02 3.828799999999999955e+02 3.827799999999999727e+02 3.826600000000000250e+02 3.825600000000000023e+02 3.825199999999999818e+02 3.824700000000000273e+02 3.824499999999999886e+02 3.824599999999999795e+02 3.824200000000000159e+02 3.823600000000000136e+02 3.823700000000000045e+02
3.845899999999999750e+02 3.846800000000000068e+02 3.848199999999999932e+02 3.850000000000000000e+02 3.852200000000000273e+02 3.853500000000000227e+02 3.855500000000000114e+02 3.856299999999999955e+02 3.856800000000000068e+02 3.857099999999999795e+02 3.856100000000000136e+02 3.854300000000000068e+02 3.852699999999999818e+02 3.851100000000000136e+02 3.849100000000000250e+02 3.847200000000000273e+02 3.845500000000000114e+02 3.843500000000000227e+02 3.842200000000000273e+02 3.840099999999999909e+02 3.837699999999999818e+02 3.836800000000000068e+02 3.834700000000000273e+02 3.832599999999999909e+02 3.831700000000000159e+02 3.830400000000000205e+02 3.828999999999999773e+02 3.827900000000000205e+02 3.826399999999999864e+02 3.825699999999999932e+02 3.825299999999999727e+02 3.824300000000000068e+02 3.824300000000000068e+02 3.824300000000000068e+02 3.823899999999999864e+02 3.823799999999999955e+02 3.823500000000000227e+02
3.843700000000000045e+02 3.844499999999999886e+02 3.846399999999999864e+02 3.847799999999999727e+02 3.850099999999999909e+02 3.851800000000000068e+02 3.853999999999999773e+02 3.855899999999999750e+02 3.856600000000000250e+02 3.857099999999999795e+02 3.856299999999999955e+02 3.855099999999999909e+02 3.853500000000000227e+02 3.851600000000000250e+02 3.849800000000000182e+02 3.848299999999999841e+02 3.846299999999999955e+02 3.844499999999999886e+02 3.842900000000000205e+02 3.840899999999999750e+02 3.838500000000000227e+02 3.836999999999999886e+02 3.835000000000000000e+02 3.833100000000000023e+02 3.831899999999999977e+02 3.830500000000000114e+02 3.829200000000000159e+02 3.827900000000000205e+02 3.826299999999999955e+02 3.825400000000000205e+02 3.825000000000000000e+02 3.823799999999999955e+02 3.823999999999999773e+02 3.823600000000000136e+02 3.823899999999999864e+02 3.823600000000000136e+02 3.823500000000000227e+02
3.841700000000000159e+02 3.842300000000000182e+02 3.843700000000000045e+02 3.845199999999999818e+02 3.847500000000000000e+02 3.849399999999999977e+02 3.852099999999999795e+02 3.854399999999999977e+02 3.855899999999999750e+02 3.856499999999999773e+02 3.855899999999999750e+02 3.854700000000000273e+02 3.853700000000000045e+02 3.852099999999999795e+02 3.850600000000000023e+02 3.849100000000000250e+02 3.847300000000000182e+02 3.845299999999999727e+02 3.843999999999999773e+02 3.841800000000000068e+02 3.839700000000000273e+02 3.837799999999999727e+02 3.835299999999999727e+02 3.833700000000000045e+02 3.832200000000000273e+02 3.830799999999999841e+02 3.829300000000000068e+02 3.827900000000000205e+02 3.826499999999999773e+02 3.825699999999999932e+02 3.825000000000000000e+02 3.824100000000000250e+02 3.823700000000000045e+02 3.823500000000000227e+02 3.823399999999999750e+02 3.823399999999999750e+02 3.822699999999999818e+02
3.839200000000000159e+02 3.839499999999999886e+02 3.840799999999999841e+02 3.842599999999999909e+02 3.844399999999999977e+02 3.846600000000000250e+02 3.849399999999999977e+02 3.851899999999999977e+02 3.853999999999999773e+02 3.854800000000000182e+02 3.854800000000000182e+02 3.854100000000000250e+02 3.853299999999999841e+02 3.852300000000000182e+02 3.851100000000000136e+02 3.849800000000000182e+02 3.848700000000000045e+02 3.846399999999999864e+02 3.845099999999999909e+02 3.842699999999999818e+02 3.840699999999999932e+02 3.838700000000000045e+02 3.836200000000000045e+02 3.834399999999999977e+02 3.832200000000000273e+02 3.830600000000000023e+02 3.829700000000000273e+02 3.828299999999999841e+02 3.826800000000000068e+02 3.825899999999999750e+02 3.824700000000000273e+02 3.823700000000000045e+02 3.823600000000000136e+02 3.823399999999999750e+02 3.823299999999999841e+02 3.823299999999999841e+02 3.823399999999999750e+02
3.836700000000000159e+02 3.836999999999999886e+02 3.838399999999999750e+02 3.840199999999999818e+02 3.841299999999999955e+02 3.843600000000000136e+02 3.846499999999999773e+02 3.849100000000000250e+02 3.851399999999999864e+02 3.852599999999999909e+02 3.852799999999999727e+02 3.852500000000000000e+02 3.852500000000000000e+02 3.852200000000000273e+02 3.851299999999999955e+02 3.850699999999999932e+02 3.849599999999999795e+02 3.847500000000000000e+02 3.846000000000000227e+02 3.843799999999999955e+02 3.841800000000000068e+02 3.839700000000000273e+02 3.836999999999999886e+02 3.835299999999999727e+02 3.833299999999999841e+02 3.831000000000000227e+02 3.830000000000000000e+02 3.828399999999999750e+02 3.827300000000000182e+02 3.826000000000000227e+02 3.825000000000000000e+02 3.823899999999999864e+02 3.823199999999999932e+02 3.823100000000000023e+02 3.822799999999999727e+02 3.823100000000000023e+02 3.823000000000000114e+02
