SOC_LEM/input/willis_elev_test.asc
ncols	150																																																																																																																																																				
nrows	210																																																																																																																																																				
xllcorner	0																																																																																																																																																				
yllcorner	0																																																																																																																																																				
cellsize	2.95302823																																																																																																																																																				
NODATA_value	-9999																																																																																																																																																				
[rows 56 to 83 of 210, columns 0 to 62 of 150]
386.059 385.8793 385.6941 385.517 385.3293 385.1541 384.991 384.8559 384.7844 384.6677 384.5849 384.4888 384.3994 384.3042 384.2589 384.1628 384.1073 384.032 383.9335 383.8193 383.707 383.6128 383.5216 383.3864 383.3408 383.3917 383.4291 383.3984 383.4409 383.4435 383.4904 383.5288 383.5257 383.5402 383.5857 383.6547 383.7272 383.8242 383.9229 383.9939 384.1208 384.1905 384.2697 384.3754 384.501 384.6068 384.8159 384.953 385.1243 385.2609 385.374 385.4926 385.5463 385.5198 385.4315 385.3752 385.3106 385.2175 385.1026 384.9986 384.9003 384.8188 384.7336
386.1928 386.0016 385.8208 385.6522 385.4557 385.2687 385.1105 384.9771 384.8961 384.7768 384.6596 384.5622 384.4755 384.3961 384.3523 384.2475 384.1776 384.0881 383.9928 383.8717 383.736 383.6411 383.5403 383.4048 383.3179 383.3075 383.3425 383.3381 383.3715 383.399 383.424 383.4567 383.4489 383.4608 383.4915 383.5589 383.644 383.7206 383.7911 383.8792 383.9875 384.0604 384.1391 384.2306 384.3617 384.458 384.6391 384.8146 384.9764 385.1198 385.2498 385.4089 385.5098 385.5293 385.527 385.5219 385.4883 385.4224 385.3604 385.267 385.1663 385.1041 385.0224
386.2789 386.1089 385.897 385.7281 385.5581 385.3841 385.2257 385.0846 384.995 384.8752 384.7406 384.6741 384.5393 384.4685 384.4173 384.2888 384.216 384.1267 384.0291 383.9105 383.7698 383.6612 383.5564 383.446 383.3177 383.2466 383.2569 383.2756 383.2946 383.3385 383.3577 383.3828 383.3685 383.3731 383.4006 383.4734 383.5552 383.6252 383.6821 383.7662 383.8641 383.9463 384.0159 384.0983 384.2271 384.3482 384.4882 384.6689 384.8296 384.9886 385.1405 385.3035 385.4344 385.5106 385.5724 385.6026 385.5978 385.5779 385.5615 385.4846 385.394 385.3459 385.2758
386.3247 386.1498 385.9509 385.7947 385.6542 385.4709 385.3173 385.1848 385.0876 384.9687 384.8442 384.7588 384.6146 384.5494 384.472 384.3374 384.2646 384.1662 384.0496 383.9311 383.7846 383.6552 383.5518 383.4607 383.342 383.231 383.2025 383.1885 383.2136 383.2533 383.279 383.2959 383.2845 383.2786 383.307 383.3831 383.4605 383.5246 383.5843 383.6489 383.7405 383.823 383.8875 383.969 384.0953 384.2318 384.3586 384.5232 384.6944 384.8558 385.0228 385.1892 385.3103 385.4363 385.5291 385.5898 385.6365 385.6633 385.6752 385.6212 385.5538 385.5168 385.4562
386.3321 386.1682 385.9936 385.8396 385.7162 385.5392 385.3824 385.2696 385.177 385.0583 384.9468 384.8227 384.6817 384.6207 384.5109 384.3847 384.3126 384.1892 384.0537 383.9338 383.7897 383.6509 383.542 383.4482 383.3593 383.2348 383.165 383.1111 383.1408 383.1709 383.2057 383.2158 383.2069 383.1957 383.22 383.285 383.3653 383.4227 383.4786 383.5305 383.6204 383.684 383.7525 383.8378 383.9587 384.0817 384.2173 384.376 384.5497 384.7039 384.8728 385.0574 385.1418 385.2949 385.4129 385.5033 385.607 385.6484 385.6959 385.6555 385.6207 385.5962 385.5266
386.299 386.1703 386.0089 385.8603 385.7397 385.5997 385.4398 385.3409 385.2667 385.1433 385.0186 384.8901 384.7371 384.6692 384.5371 384.4117 384.3393 384.1897 384.0489 383.9294 383.8028 383.6705 383.5465 383.4348 383.3427 383.2284 383.1298 383.0809 383.0866 383.1102 383.1481 383.1626 383.1445 383.1377 383.1504 383.1915 383.2697 383.3341 383.3755 383.4227 383.5332 383.5673 383.6322 383.7283 383.8246 383.9391 384.0654 384.2146 384.3667 384.5319 384.6891 384.8799 384.9817 385.1445 385.2679 385.3919 385.4983 385.5356 385.6128 385.5913 385.5985 385.6056 385.5565
386.2276 386.1219 385.9839 385.8726 385.7546 385.6467 385.5079 385.4134 385.3518 385.2178 385.0535 384.9559 384.8114 384.7158 384.5784 384.4372 384.3608 384.2047 384.0612 383.939 383.8076 383.6722 383.5404 383.4184 383.327 383.2449 383.1584 383.0479 383.0512 383.0348 383.0512 383.0816 383.0709 383.0586 383.0605 383.1031 383.163 383.234 383.3112 383.3565 383.4114 383.4618 383.5288 383.6341 383.7269 383.8168 383.9377 384.0804 384.244 384.4004 384.5425 384.7505 384.8302 384.98 385.1108 385.2288 385.3279 385.3692 385.4726 385.5209 385.4859 385.448 385.456
386.1395 386.0521 385.9629 385.8481 385.7674 385.6713 385.5526 385.4798 385.3951 385.2509 385.0872 385.0073 384.8505 384.7457 384.5986 384.4276 384.3748 384.2112 384.0535 383.946 383.7892 383.667 383.5248 383.4065 383.3281 383.2591 383.1749 383.0777 382.9879 382.9703 382.9916 383.0023 383.0069 383.0137 383.0004 383.0488 383.1016 383.1589 383.2196 383.237 383.2918 383.3699 383.4258 383.508 383.5825 383.6734 383.8125 383.9415 384.082 384.2116 384.3799 384.5548 384.6531 384.776 384.8956 385.0198 385.107 385.1764 385.282 385.323 385.2902 385.2745 385.2787
386.0377 385.9861 385.921 385.8746 385.7838 385.6967 385.6089 385.5238 385.4214 385.3065 385.1882 385.0597 384.8999 384.7873 384.6173 384.4594 384.3786 384.1954 384.0659 383.9229 383.7751 383.6675 383.5169 383.4149 383.3161 383.2605 383.1606 383.0541 382.9812 382.9328 382.9433 382.9434 382.9442 382.9658 382.9431 382.9855 383.0268 383.0642 383.1131 383.137 383.1896 383.2802 383.3283 383.4028 383.5005 383.5538 383.6924 383.8096 383.9405 384.0792 384.2037 384.3706 384.4612 384.5869 384.7167 384.8413 384.9454 384.9992 385.0742 385.108 385.1081 385.1063 385.0667
385.9419 385.9134 385.8965 385.8769 385.8046 385.7225 385.6598 385.581 385.4745 385.353 385.2373 385.087 384.9211 384.8125 384.6302 384.4992 384.3885 384.2022 384.0692 383.9182 383.7878 383.6825 383.5234 383.4055 383.3344 383.259 383.151 383.0633 383.005 382.919 382.9014 382.8836 382.8894 382.9193 382.884 382.9258 382.9484 382.9808 383.0201 383.0401 383.0866 383.1864 383.2362 383.2996 383.4043 383.471 383.5731 383.6693 383.8035 383.9477 384.0696 384.199 384.294 384.4157 384.5312 384.6546 384.7511 384.8083 384.8755 384.9055 384.9129 384.9081 384.8497
385.8386 385.8279 385.8516 385.8774 385.8347 385.7695 385.7086 385.6417 385.5373 385.3955 385.2768 385.1283 384.9744 384.8609 384.6723 384.5504 384.4222 384.2105 384.0851 383.9289 383.7856 383.672 383.5382 383.4138 383.3284 383.2377 383.148 383.0605 383.0005 382.9143 382.8702 382.8394 382.8251 382.8607 382.8287 382.8719 382.8829 382.9182 382.9367 382.9417 383.007 383.0884 383.1395 383.201 383.2974 383.3724 383.4658 383.5499 383.6697 383.8015 383.9427 384.0331 384.1274 384.242 384.3387 384.4564 384.534 384.6172 384.6879 384.7066 384.701 384.6817 384.6454
385.7271 385.7524 385.7953 385.8486 385.8377 385.8136 385.7645 385.7053 385.6176 385.4796 385.3377 385.1885 385.0415 384.9064 384.7122 384.5785 384.4638 384.2425 384.1208 383.9544 383.7879 383.6701 383.5551 383.4286 383.3194 383.2232 383.1518 383.0462 382.9792 382.9117 382.8667 382.8193 382.7747 382.7976 382.7771 382.8196 382.8303 382.8597 382.862 382.872 382.9482 382.9962 383.0341 383.1036 383.1883 383.241 383.3608 383.4449 383.5411 383.6525 383.7911 383.8785 383.9455 384.0482 384.1522 384.2617 384.3493 384.438 384.4916 384.4987 384.4986 384.4695 384.4564
385.6052 385.6745 385.7326 385.7997 385.8246 385.8355 385.8252 385.7709 385.7 385.5831 385.4246 385.2607 385.1077 384.9427 384.7458 384.6021 384.4998 384.3 384.1638 383.9876 383.8195 383.7004 383.5656 383.4288 383.3418 383.2316 383.1516 383.0456 382.9728 382.9044 382.8789 382.8092 382.7616 382.7504 382.7297 382.7676 382.7781 382.7904 382.8042 382.8451 382.8811 382.9196 382.9312 382.993 383.0597 383.1233 383.2315 383.3085 383.4154 383.5095 383.6468 383.7463 383.789 383.8448 383.9543 384.0676 384.1769 384.2305 384.2657 384.2914 384.3119 384.3083 384.2695
385.4657 385.5622 385.6546 385.7567 385.8212 385.8437 385.8768 385.8342 385.7599 385.6525 385.5237 385.3418 385.1859 384.997 384.8113 384.6855 384.5381 384.3437 384.1974 384.0149 383.8607 383.722 383.5617 383.4256 383.3638 383.2254 383.1226 383.0448 382.9577 382.8739 382.8385 382.7772 382.7376 382.7219 382.7016 382.7284 382.725 382.7415 382.7566 382.7616 382.8178 382.8467 382.8567 382.8792 382.9411 383.0307 383.1237 383.2167 383.3079 383.3803 383.48 383.5802 383.6519 383.7044 383.7951 383.8987 383.9779 384.0345 384.0581 384.0797 384.0977 384.1052 384.0695
385.3057 385.4131 385.5514 385.6919 385.7795 385.8683 385.9084 385.886 385.8353 385.7658 385.6245 385.434 385.2501 385.0309 384.8667 384.7591 384.5943 384.3831 384.2449 384.06 383.8901 383.7681 383.5572 383.4326 383.3503 383.2383 383.102 383.0368 382.922 382.8439 382.8002 382.7195 382.7252 382.7208 382.684 382.6861 382.675 382.6836 382.6965 382.6935 382.7451 382.7652 382.7943 382.8276 382.8707 382.9487 383.0472 383.1115 383.1819 383.2718 383.3498 383.4312 383.4867 383.5521 383.6539 383.7112 383.779 383.8377 383.8618 383.8889 383.8964 383.8682 383.8634
385.1771 385.2845 385.425 385.5932 385.6987 385.8063 385.9139 385.9352 385.9307 385.8531 385.7158 385.5569 385.3711 385.1574 384.957 384.8282 384.6586 384.467 384.3223 384.1067 383.9193 383.8215 383.6115 383.465 383.3439 383.2482 383.1287 383.0469 382.9213 382.8315 382.789 382.7407 382.7249 382.7305 382.6949 382.6526 382.627 382.6585 382.6606 382.6521 382.6697 382.6939 382.7186 382.756 382.8094 382.8756 382.9632 383.0249 383.0821 383.1557 383.2278 383.2618 383.3373 383.4152 383.5004 383.5801 383.6385 383.6711 383.6992 383.7043 383.7162 383.6771 383.678
384.9952 385.1018 385.2477 385.4452 385.6042 385.7429 385.8828 385.9294 385.9622 385.9253 385.789 385.6231 385.4591 385.2687 385.0825 384.9001 384.7332 384.5366 384.3979 384.18 384.0082 383.8828 383.6772 383.5035 383.389 383.2731 383.1453 383.0491 382.9117 382.8372 382.7896 382.726 382.7115 382.6974 382.6702 382.6496 382.6132 382.5967 382.603 382.6202 382.6267 382.6307 382.6398 382.678 382.7475 382.7965 382.8679 382.9247 382.9804 383.0463 383.0862 383.1442 383.2172 383.2882 383.3514 383.4281 383.4641 383.5089 383.564 383.5573 383.5499 383.5212 383.5134
384.776 384.9025 385.054 385.2602 385.4302 385.6179 385.8011 385.9024 385.9615 385.9522 385.8439 385.6906 385.5276 385.3452 385.1718 384.9955 384.8074 384.6296 384.4765 384.2546 384.0707 383.9172 383.7152 383.5436 383.4306 383.2958 383.163 383.056 382.9016 382.8267 382.7657 382.6835 382.6677 382.6483 382.653 382.6343 382.615 382.5764 382.562 382.5767 382.5801 382.5951 382.5946 382.6022 382.684 382.721 382.7845 382.8341 382.8824 382.9372 382.965 383.0567 383.101 383.1543 383.2149 383.2713 383.2918 383.3529 383.4198 383.414 383.3864 383.3618 383.3479
384.5562 384.6713 384.8257 385.0208 385.2082 385.4223 385.6581 385.8212 385.9132 385.925 385.8401 385.7156 385.5736 385.4061 385.2417 385.0973 384.9077 384.7236 384.5671 384.3493 384.1475 383.9724 383.7452 383.5872 383.4567 383.315 383.1826 383.0533 382.91 382.8199 382.7439 382.6602 382.6384 382.6283 382.6353 382.61 382.6024 382.5843 382.5404 382.545 382.5397 382.5655 382.5652 382.548 382.6234 382.6571 382.7213 382.7602 382.7981 382.8427 382.8853 382.9609 382.9815 383.0229 383.0873 383.1381 383.1648 383.2131 383.2603 383.2534 383.2328 383.1915 383.183
384.3242 384.4144 384.571 384.7457 384.9468 385.1719 385.4408 385.6582 385.7887 385.8362 385.7675 385.6802 385.5785 385.4479 385.3018 385.1941 385.027 384.8167 384.668 384.4575 384.2599 384.0634 383.8032 383.6429 383.4785 383.3309 383.2013 383.0465 382.9358 382.837 382.7441 382.6639 382.6408 382.6281 382.6008 382.6012 382.5765 382.5661 382.5191 382.5404 382.5306 382.5108 382.5122 382.5238 382.5622 382.6034 382.6621 382.6847 382.7266 382.7882 382.8163 382.8586 382.8786 382.9184 382.9576 383.0095 383.0407 383.0865 383.1306 383.1232 383.1129 383.0591 383.0616
384.0675 384.1551 384.313 384.4657 384.6484 384.8878 385.1601 385.4145 385.5781 385.6711 385.6343 385.5944 385.5306 385.4539 385.3425 385.2831 385.1314 384.9323 384.7682 384.5469 384.3601 384.1435 383.8957 383.7158 383.5104 383.3445 383.2273 383.0778 382.9543 382.8535 382.7303 382.6407 382.6029 382.5704 382.5878 382.5947 382.5855 382.5656 382.5146 382.4968 382.506 382.4696 382.4668 382.485 382.478 382.5555 382.5943 382.6182 382.6649 382.7279 382.739 382.7872 382.7679 382.7747 382.8265 382.8941 382.8962 382.9663 383.0041 383.0192 382.9842 382.96 382.9528
383.812 383.9028 384.0556 384.183 384.3485 384.5815 384.8649 385.116 385.3122 385.4129 385.4176 385.4335 385.4538 385.448 385.3868 385.3306 385.2321 385.0433 384.8712 384.6585 384.4519 384.2249 383.9635 383.7812 383.5865 383.4085 383.2848 383.1146 382.9848 382.8719 382.7553 382.6736 382.6003 382.5626 382.553 382.5497 382.5484 382.5444 382.5262 382.5218 382.4819 382.4552 382.4505 382.4203 382.4771 382.4807 382.5211 382.5425 382.5916 382.64 382.6181 382.6518 382.6908 382.7094 382.7373 382.7954 382.8096 382.8459 382.8907 382.897 382.9131 382.8576 382.8415
383.5392 383.6066 383.7421 383.8811 384.033 384.231 384.5188 384.766 384.9995 385.1217 385.1575 385.2246 385.2742 385.3188 385.3367 385.3247 385.2239 385.1212 384.9884 384.7807 384.5816 384.3232 384.0468 383.8477 383.6439 383.4675 383.334 383.1587 383.01 382.8958 382.7901 382.6939 382.6244 382.5553 382.5469 382.5268 382.5081 382.5272 382.5037 382.4825 382.4671 382.4491 382.4195 382.4058 382.4293 382.4495 382.482 382.5141 382.5419 382.583 382.5703 382.5894 382.6162 382.639 382.6486 382.6831 382.7192 382.755 382.7833 382.7958 382.8243 382.7747 382.777
383.3034 383.3538 383.4535 383.5789 383.7097 383.8771 384.1392 384.3754 384.6295 384.764 384.848 384.9567 385.022 385.0986 385.1783 385.2496 385.2203 385.1529 385.0448 384.8557 384.6636 384.4189 384.144 383.9442 383.7328 383.5329 383.3833 383.205 383.0638 382.9339 382.8128 382.6995 382.614 382.5522 382.5357 382.504 382.4901 382.4862 382.4718 382.4491 382.4372 382.4256 382.3884 382.3812 382.3943 382.4152 382.4325 382.4634 382.4904 382.5327 382.5279 382.5341 382.5395 382.5568 382.5623 382.6053 382.6424 382.6701 382.6998 382.743 382.7657 382.7314 382.7146
383.0522 383.0755 383.1572 383.2531 383.378 383.5289 383.7656 384.0042 384.2304 384.387 384.4915 384.5925 384.7124 384.8519 384.9703 385.0976 385.1507 385.116 385.0553 384.9165 384.7251 384.4924 384.2436 384.0371 383.8109 383.6019 383.452 383.2535 383.1293 382.9965 382.8564 382.7425 382.6356 382.564 382.5138 382.4787 382.4779 382.4627 382.4279 382.4133 382.3938 382.3883 382.3702 382.3609 382.3837 382.3768 382.3982 382.4155 382.4387 382.4876 382.4694 382.4839 382.4774 382.4909 382.4997 382.5304 382.5567 382.5967 382.6483 382.7015 382.7014 382.6812 382.6463
382.8119 382.8308 382.8873 382.9605 383.0631 383.1816 383.3912 383.6098 383.8247 383.9724 384.0855 384.1988 384.3723 384.5541 384.7023 384.8766 385.0077 385.0219 385.02 384.9285 384.7671 384.5476 384.3176 384.1163 383.8929 383.698 383.5316 383.3331 383.2159 383.0735 382.9246 382.8104 382.6747 382.5919 382.514 382.477 382.4697 382.451 382.4034 382.3857 382.3723 382.3655 382.3587 382.3464 382.3784 382.3638 382.3768 382.3705 382.378 382.4364 382.4211 382.4366 382.4244 382.4407 382.4464 382.4452 382.477 382.5463 382.6187 382.6416 382.6084 382.5915 382.5798
382.5865 382.5984 382.6299 382.6931 382.7578 382.8419 383.0241 383.2108 383.4045 383.546 383.6604 383.8033 383.9997 384.2065 384.3775 384.5901 384.786 384.861 384.9135 384.8658 384.7722 384.6042 384.3799 384.198 383.9813 383.8007 383.6178 383.4362 383.3111 383.1531 383.0059 382.8814 382.7127 382.6303 382.5603 382.504 382.4604 382.4302 382.4086 382.3788 382.3821 382.3677 382.3507 382.3331 382.3544 382.3725 382.346 382.3217 382.3185 382.3799 382.4027 382.382 382.3647 382.3824 382.3754 382.3811 382.4413 382.5144 382.5836 382.5732 382.5203 382.4904 382.5128
382.3762 382.367 382.3879 382.4429 382.4594 382.5251 382.6746 382.8354 382.9841 383.145 383.2581 383.4022 383.5941 383.8227 384.0123 384.248 384.4909 384.6213 384.7173 384.7321 384.7226 384.6461 384.4557 384.2969 384.062 383.8734 383.7198 383.5228 383.3871 383.2381 383.097 382.9648 382.78 382.6745 382.631 382.5251 382.4377 382.4153 382.3911 382.3779 382.3681 382.3604 382.3642 382.339 382.3121 382.3199 382.3196 382.3272 382.3325 382.3738 382.355 382.343 382.3226 382.3437 382.3415 382.3386 382.3795 382.471 382.5086 382.4862 382.4247 382.4203 382.4286
