SOC_LEM/input/willis_NDVI.txt
ncols         259
nrows         247
xllcorner     463439
yllcorner     4756390
cellsize      3
NODATA_value  -9999
[rows 16 to 31 of 247, columns 185 to 221 of 259]
-2.008260931491239604e-02 -1.709462842429011059e-02 -2.407983223660428371e-02 -2.889921580017429728e-02 -2.841737102885459262e-02 -2.875539620984850567e-02 -2.615101289134435722e-02 -2.086605339914740162e-02 -2.121212121212120646e-02 -2.121142507083237025e-02 -1.738320658078535558e-02 -2.072988098053125255e-02 -2.410985150886155517e-02 -2.506785885358452787e-02 -2.626390093855980601e-02 -2.405979911235698113e-02 -2.103220799379122360e-02 -1.736545682102622057e-02 -1.823899371069183373e-02 -2.513507164669960547e-02 -2.811621368322403391e-02 -3.097932110807650324e-02 -3.596559812353402469e-02 -3.729933899905572142e-02 -3.720085301319012161e-02 -3.415709113804504121e-02 -2.974181903790320061e-02 -2.591979831403133996e-02 -2.013954963526800104e-02 -1.747973939297633311e-02 -2.105512183581736280e-02 -2.740470460367988234e-02 -3.395014528215318378e-02 -3.273719308881481438e-02 -2.794471153846157449e-02 -2.760713492709641198e-02 -2.624881843961321404e-02
-1.677732562290283960e-02 -1.695885509838998551e-02 -2.515177797051175099e-02 -2.866288374799944721e-02 -2.890258215962437927e-02 -2.656307806141321864e-02 -2.017032720753025171e-02 -1.689521933479809848e-02 -1.866585067319461583e-02 -1.812851963280105380e-02 -1.741779270483474404e-02 -1.994754827942462477e-02 -1.865551624316501289e-02 -1.896801157370198512e-02 -2.596781902182569365e-02 -2.881369239224311138e-02 -2.409825870646764220e-02 -1.840012474660845596e-02 -1.857343530513494434e-02 -2.286644446166962580e-02 -2.716928554841703189e-02 -3.353729378049727372e-02 -3.772561778604075627e-02 -3.597793146320616559e-02 -3.374833607391749396e-02 -3.223276605756413699e-02 -3.298597508422786845e-02 -3.354330708661419636e-02 -2.749683944374207642e-02 -2.240807953290199772e-02 -2.517591868647385892e-02 -3.157246265208681762e-02 -3.546745652008811284e-02 -2.926170468187278342e-02 -2.344909468685068415e-02 -2.680472938238963321e-02 -2.776171197223832252e-02
-2.256506380217725496e-02 -2.759318116151404654e-02 -3.278927426406297307e-02 -3.253764230627979176e-02 -3.172842245396046562e-02 -2.614914698651565894e-02 -1.956063797773096441e-02 -1.971230687266915110e-02 -2.178916679453735475e-02 -1.875678189427995926e-02 -1.663266907265025657e-02 -1.709197869464982450e-02 -1.510768241722920679e-02 -1.662631154156579347e-02 -2.864038616251003005e-02 -3.848900880882469983e-02 -3.202624589907829972e-02 -2.309307207837647119e-02 -2.284303133199566682e-02 -2.520107238605896055e-02 -2.996225833782634879e-02 -3.714595263891039278e-02 -3.922779922779923156e-02 -3.566201956404530665e-02 -3.211328638860948270e-02 -2.884241623260518431e-02 -2.960243692884484065e-02 -3.307928027029152784e-02 -3.145643284051591326e-02 -2.962846841197683614e-02 -3.297045101088649788e-02 -3.811865969873963478e-02 -3.777305825242718851e-02 -2.768863348011049372e-02 -2.138643067846606946e-02 -2.518301610541725730e-02 -2.878111958555190641e-02
-2.557767766313040134e-02 -3.024547048509645952e-02 -3.595206391478029950e-02 -3.783864467497574657e-02 -3.657622545345526333e-02 -2.941176470588238376e-02 -2.491643877240957983e-02 -2.725815072153925378e-02 -2.908895540716858671e-02 -2.405605293888678220e-02 -1.789107029765675538e-02 -1.854516386890488547e-02 -2.048028270821621033e-02 -2.032913843175217922e-02 -2.896796578713787054e-02 -4.159680638722555029e-02 -3.853124261287527164e-02 -2.862953692115147858e-02 -2.924157086644545503e-02 -3.401256319901940078e-02 -3.887688984881210175e-02 -4.281842818428183151e-02 -4.204018547140648404e-02 -3.633564280215551695e-02 -3.139427516158813797e-02 -2.778635381290518735e-02 -2.640571606088852261e-02 -2.912014989460539466e-02 -3.252032520325205678e-02 -3.521511673303663603e-02 -3.906796116504854949e-02 -4.137560451370230624e-02 -3.669655640117550077e-02 -2.771823490280135929e-02 -2.502194907813869856e-02 -2.586081650443124852e-02 -2.548768332621384122e-02
-2.662547808178873654e-02 -2.876631079478051203e-02 -3.669242890372927807e-02 -4.203590093160643887e-02 -3.907556636764482338e-02 -3.127383676582756733e-02 -2.812476051804732938e-02 -2.872945152865260046e-02 -3.058316000308138397e-02 -2.835272982894638041e-02 -2.077198567449263858e-02 -2.170069120720140993e-02 -2.743142144638401753e-02 -2.453543560453703282e-02 -2.221509343171063772e-02 -3.303684879288432824e-02 -4.006927497441549468e-02 -3.596224354473829404e-02 -3.526331998768095222e-02 -3.798831128883421032e-02 -3.833940051119201498e-02 -3.715745471435207697e-02 -3.867232728676187059e-02 -3.507825148407988508e-02 -3.029371059510991074e-02 -3.001458509250015325e-02 -3.028434923325880324e-02 -3.078712679333078100e-02 -3.404752629528634555e-02 -3.648838297208795850e-02 -3.564786112833231296e-02 -3.256310531533587738e-02 -2.498884426595267966e-02 -1.756687805233618158e-02 -1.809234332030678141e-02 -1.980482204362800716e-02 -1.952247191011235311e-02
-2.417321666913834974e-02 -2.909418116376728120e-02 -3.981229185588858188e-02 -4.643868104965194477e-02 -4.247937707192968315e-02 -3.385899814471245162e-02 -3.052843638617700611e-02 -2.882380288238032759e-02 -3.177309361438316465e-02 -3.261721812764625805e-02 -2.434740959527419493e-02 -2.310177705977382173e-02 -2.997893372224927008e-02 -2.807810230756815212e-02 -1.980514294841079909e-02 -2.793560606060603579e-02 -4.157206607688091610e-02 -4.434108527131781080e-02 -4.068785505911254319e-02 -3.639301377240902746e-02 -2.959405020142550843e-02 -2.629543696829077237e-02 -3.252659164482806647e-02 -3.419066687201603727e-02 -3.153533338448549078e-02 -3.235653235653231097e-02 -3.325433835333684723e-02 -3.131749460043192074e-02 -3.148263027295288702e-02 -2.895185013159928475e-02 -2.133537989255563164e-02 -1.707722532869881266e-02 -1.618266459765019954e-02 -1.558987745631203181e-02 -1.517221543107788451e-02 -1.426442410048968726e-02 -1.613014884042921968e-02
-2.332861295371542118e-02 -2.980783779694359120e-02 -4.167302701877574622e-02 -4.830136353131503357e-02 -4.287604077503694849e-02 -3.348231788598763498e-02 -3.128930817610065668e-02 -3.335943617854348481e-02 -3.923100969052829151e-02 -3.901631591392764470e-02 -2.930607681865364869e-02 -2.541757443718226442e-02 -3.178603365580037754e-02 -3.581267217630856176e-02 -2.960657569228310887e-02 -3.036978756884346417e-02 -3.936269915651359474e-02 -4.343764595983184290e-02 -4.195424583171770971e-02 -3.986376654539824926e-02 -3.245797505616239420e-02 -2.391825992723893221e-02 -2.488023489414308009e-02 -3.124519008773275763e-02 -3.493616695971250158e-02 -3.605313092979128137e-02 -3.425750094948729063e-02 -3.040514666462429752e-02 -2.761583307763114392e-02 -2.031154551007940956e-02 -1.338171921070539609e-02 -1.398601398601400508e-02 -1.635991820040900643e-02 -1.920725127688654998e-02 -1.874420925094433601e-02 -1.403114915111548962e-02 -1.297991528897392104e-02
-2.481333433893963616e-02 -2.640992465179995904e-02 -3.634411900015328822e-02 -4.472521509960466352e-02 -4.043887147335423204e-02 -3.138373751783163357e-02 -2.778441206910275268e-02 -3.179373615944317694e-02 -3.944571293598929385e-02 -4.035448646937806610e-02 -3.488372093023250908e-02 -3.118736470776874506e-02 -3.417629474024402869e-02 -4.230118443316412818e-02 -4.053515967189615099e-02 -3.405962400692207070e-02 -3.584788029925188579e-02 -4.039224842400186699e-02 -4.376894970069189483e-02 -4.508133230054219703e-02 -3.990082900751529965e-02 -2.766982745219963985e-02 -2.069072806471685885e-02 -2.748610253242739568e-02 -3.769705277587388770e-02 -4.165725047080977989e-02 -3.776856388993592162e-02 -3.218949286365018619e-02 -2.811550151975680811e-02 -2.203376997047019545e-02 -1.948488241881298974e-02 -2.240058372856620558e-02 -2.350580478715778507e-02 -2.265142370233613409e-02 -1.926197699851830286e-02 -1.556852932999722855e-02 -1.691461177909109673e-02
-2.100136965454268284e-02 -1.351556567957481157e-02 -2.246332518337407214e-02 -3.811082534486790602e-02 -3.813291139240507222e-02 -3.247480403135494242e-02 -2.817692863450266261e-02 -2.722929936305730145e-02 -3.022151898734173892e-02 -3.200698911921209810e-02 -3.356989075831268848e-02 -3.469224620303752032e-02 -3.785084202085005345e-02 -4.441604090110247427e-02 -4.227139344912363150e-02 -3.409269442262374133e-02 -3.266957062850033705e-02 -3.703703703703704886e-02 -4.212653505362971146e-02 -4.258626049114080242e-02 -3.744149765990640449e-02 -2.895148669796561089e-02 -2.655142879389555538e-02 -3.192062149065452020e-02 -3.845571536714609967e-02 -4.224930830778432511e-02 -3.949636513527692017e-02 -3.368405116947999905e-02 -2.960825994533855879e-02 -2.900302114803628845e-02 -2.980548775978104567e-02 -2.860830286083031540e-02 -2.886033284179484112e-02 -3.092927459331147252e-02 -2.766357745104873478e-02 -2.398345968297723591e-02 -2.696842390567830150e-02
-1.607470912431109566e-02 -6.167669230183554265e-03 -1.447277739490008576e-02 -3.413262516597674601e-02 -3.829989691539133212e-02 -3.455463801811908819e-02 -3.003051228520953880e-02 -2.654867256637166023e-02 -2.531545115467024806e-02 -2.525695163731972101e-02 -2.853488929741824359e-02 -3.520229372411590868e-02 -4.168320762207224778e-02 -4.345073209339136294e-02 -3.938369625029478766e-02 -3.323451396473710989e-02 -3.083495145631071077e-02 -3.283024739380740326e-02 -3.513429106808246827e-02 -3.504380475594495031e-02 -3.223782257431958426e-02 -3.053076561766090644e-02 -3.426454699799353493e-02 -3.467680608365020234e-02 -3.121230398069966411e-02 -3.085680047932896561e-02 -3.362540253126639761e-02 -3.607199337299496489e-02 -3.538821398928545386e-02 -3.476176206173210714e-02 -3.394790752121745053e-02 -2.872099603848326729e-02 -2.728842832469772009e-02 -3.311349271777962178e-02 -3.478619551766808787e-02 -3.337200573261448616e-02 -3.391087440167194628e-02
-1.878946557831510933e-02 -1.810024752475248092e-02 -2.552095527979401229e-02 -3.714218121599244249e-02 -3.928117048346056045e-02 -3.421137166720208261e-02 -2.795456376379599692e-02 -2.677064072674650158e-02 -2.615113107652813906e-02 -2.284935460594884199e-02 -2.641449205969194358e-02 -3.809000235608262647e-02 -4.657491641396467597e-02 -4.449466219901813957e-02 -3.812407795636307828e-02 -3.343090432907096926e-02 -3.265557609365368069e-02 -3.526858383071081182e-02 -3.684661525278493110e-02 -3.524814380617430354e-02 -3.255086071987483426e-02 -2.970451010886473314e-02 -2.822611489329148599e-02 -2.554413542926244063e-02 -2.194735651255749764e-02 -2.392416491122485028e-02 -3.242716992436158602e-02 -4.037614747369205892e-02 -4.191438763376931220e-02 -3.611438679245276839e-02 -3.071573456968996682e-02 -2.870442203258335989e-02 -3.148631926302759149e-02 -3.602011689547369305e-02 -3.784590341833965477e-02 -3.824620573355816400e-02 -3.658046362052792821e-02
-2.186970583705528243e-02 -2.606524114250043794e-02 -3.336751597381086565e-02 -3.764294790343075681e-02 -3.709032773780969461e-02 -3.410465210029833827e-02 -3.031285459555847772e-02 -3.212688084587234094e-02 -3.053931124106566697e-02 -2.427615130252438330e-02 -3.059197457290421807e-02 -4.376063089531466443e-02 -5.059727611656397728e-02 -4.727826417967266603e-02 -3.975674648422652252e-02 -3.830431491294473967e-02 -4.138507100007592782e-02 -4.555547048464900217e-02 -4.580505860579887206e-02 -4.099378881987577466e-02 -3.722701484417503121e-02 -2.967542503863983966e-02 -2.181540808543095886e-02 -2.242355605889013656e-02 -2.240325865580446857e-02 -2.452234090567178074e-02 -3.333333333333335369e-02 -3.957235132526541743e-02 -4.022988505747132626e-02 -3.683174093793304543e-02 -3.335729690869879138e-02 -3.372052094332982086e-02 -3.839297956945020990e-02 -4.128902316213491769e-02 -4.025056644009061130e-02 -3.834376248169350104e-02 -3.507954469812953058e-02
-2.437528744442739315e-02 -3.091492525631998195e-02 -4.005699810006332906e-02 -4.230494483689180990e-02 -3.829855281042617021e-02 -3.365345815511260746e-02 -3.182334794609518319e-02 -3.483723586521989685e-02 -3.136171595710111198e-02 -2.629674306393242969e-02 -3.525134366108127054e-02 -4.737810487580500218e-02 -5.325621572898665140e-02 -5.227832053098666748e-02 -4.774674115456235129e-02 -4.792571514153059348e-02 -5.073229654235236752e-02 -5.230395505959160862e-02 -4.977444758773609534e-02 -4.416988416988415489e-02 -4.066930048803160669e-02 -3.547414792487828955e-02 -3.239113827349116709e-02 -3.366037735849058271e-02 -2.933413769700629267e-02 -2.709211318482845562e-02 -3.286525246489395424e-02 -3.741017853174309626e-02 -3.577988391741973584e-02 -3.450780966218671558e-02 -3.640134448973753739e-02 -3.716665500104990305e-02 -3.693607741583752879e-02 -3.865568544102022941e-02 -3.842364532019702794e-02 -3.438735177865612225e-02 -3.066754791804357158e-02
-2.603767805176900735e-02 -3.140910159003684754e-02 -4.143800206792332130e-02 -4.414342629482077840e-02 -3.969845216136017735e-02 -3.511326860841425951e-02 -3.562403195565339714e-02 -3.714005235602095556e-02 -2.890454214233669633e-02 -2.526500358651468867e-02 -3.436426116838489642e-02 -4.383499202309502213e-02 -4.985468365750058556e-02 -5.062730627306275683e-02 -4.895725484395802712e-02 -4.967505789198472382e-02 -4.897100796154420232e-02 -4.711726629534845889e-02 -4.498899931719897716e-02 -4.142648528168472316e-02 -3.635519801980199167e-02 -3.490982274169829314e-02 -3.991419597027509591e-02 -4.214269501399710988e-02 -3.609534619750284778e-02 -3.087957719894302358e-02 -3.258107906142581472e-02 -3.407495010717712103e-02 -2.924576706003075011e-02 -2.798575270771247112e-02 -3.360802579720531535e-02 -3.767792352777001724e-02 -3.614132270485712062e-02 -3.601764667149534582e-02 -3.552571540316797061e-02 -3.065559840512452686e-02 -2.710507317713463024e-02
-2.635850660895104614e-02 -2.757324142252863541e-02 -3.606817281014666754e-02 -4.073985489914686703e-02 -3.889424622307940255e-02 -3.622659858983712233e-02 -4.097688903458449744e-02 -4.511340206185565638e-02 -3.612105434428898587e-02 -3.074112320279605640e-02 -3.463738982526675531e-02 -3.861497929996236117e-02 -4.146647941459093850e-02 -4.141665447094978331e-02 -4.103544638917493853e-02 -4.174093879976231714e-02 -3.968489892984541911e-02 -4.007150305377624872e-02 -4.134970249303305395e-02 -3.715028283137135345e-02 -2.926678989525566266e-02 -2.802872365068331123e-02 -3.265964804426337714e-02 -3.768557289684050515e-02 -3.772868746678813279e-02 -3.254549573359512976e-02 -3.188232658851641171e-02 -3.193376700177405492e-02 -2.690024188228392829e-02 -2.624881843961321404e-02 -3.264777793758091851e-02 -3.862359550561796778e-02 -3.691138553399374994e-02 -3.252193416452273111e-02 -3.116036505867015097e-02 -3.092379958246347510e-02 -2.699868938401050675e-02
-3.263256981487294706e-02 -3.040327662255832078e-02 -3.402331667856288433e-02 -3.881169142309529030e-02 -3.804391538647149823e-02 -3.552887735236861383e-02 -4.001311905542801611e-02 -4.496328685751999760e-02 -4.157834664927441415e-02 -3.694874851013105199e-02 -3.429672447013489694e-02 -3.344331133773247033e-02 -3.463489962497236924e-02 -3.681026313871273159e-02 -4.067547723935387854e-02 -4.102905300510096415e-02 -3.624418690484972061e-02 -3.781856007132773645e-02 -4.233003848185315499e-02 -3.800565879024241089e-02 -2.660838892722948087e-02 -2.076151076380907887e-02 -2.286328065060609302e-02 -3.075745983167555223e-02 -3.212056629623986914e-02 -2.632968691059981575e-02 -2.795795124133307330e-02 -3.091407813774182251e-02 -2.926218029041052077e-02 -2.760332992551479611e-02 -3.041248284331433266e-02 -3.642689767805155215e-02 -3.638869745003445871e-02 -2.868579052701803259e-02 -2.568481902384546489e-02 -3.147795229020175500e-02 -3.113456464379947899e-02
