SOC_LEM/input/willis_elev_test.asc
ncols	150																																																																																																																																																				
nrows	210																																																																																																																																																				
xllcorner	0																																																																																																																																																				
yllcorner	0																																																																																																																																																				
cellsize	2.95302823																																																																																																																																																				
NODATA_value	-9999																																																																																																																																																				
[rows 112 to 139 of 210, columns 63 to 125 of 150]
382.2619 382.2478 382.2562 382.2473 382.1878 382.143 382.0737 381.9296 381.7608 381.6927 381.5474 381.4317 381.3572 381.2699 381.2159 381.1413 381.1281 381.0399 381.0004 380.9156 380.7491 380.6849 380.4816 380.395 380.3559 380.3602 380.3275 380.283 380.3047 380.3374 380.335 380.3296 380.2992 380.3184 380.3154 380.3123 380.2916 380.2605 380.2374 380.2284 380.2219 380.2046 380.2239 380.2658 380.3118 380.4211 380.5241 380.6418 380.7725 380.909 381.0665 381.1877 381.3386 381.4551 381.5204 381.5557 381.6294 381.6273 381.5382 381.4879 381.4857 381.4799 381.4499
382.106 382.1001 382.1091 382.1187 382.0843 382.0294 381.948 381.8387 381.715 381.6089 381.4805 381.4094 381.3227 381.2613 381.2262 381.1422 381.0753 381.0101 380.9676 380.9041 380.7864 380.7276 380.558 380.4087 380.3023 380.2627 380.1446 380.0734 380.0581 380.0609 380.0935 380.1073 380.1165 380.2091 380.2267 380.2329 380.2303 380.1706 380.193 380.1641 380.1569 380.1645 380.1638 380.181 380.1909 380.3021 380.4115 380.5179 380.6265 380.7568 380.9214 381.0134 381.1729 381.2964 381.4188 381.4928 381.5968 381.6579 381.6312 381.6195 381.6225 381.6187 381.6058
381.996 381.9706 381.98 381.9955 381.9887 381.9067 381.8468 381.7636 381.6582 381.5471 381.4213 381.3576 381.3086 381.2561 381.2018 381.1623 381.0735 381.0227 380.9498 380.8842 380.8214 380.763 380.6619 380.527 380.446 380.3579 380.1878 380.0558 379.9794 379.9161 379.8965 379.8858 379.9202 380.0094 380.0976 380.1248 380.1411 380.0934 380.135 380.1217 380.0894 380.1148 380.1036 380.1053 380.1068 380.2006 380.2945 380.3933 380.4886 380.5962 380.7531 380.8647 381.011 381.1421 381.2803 381.399 381.5419 381.6605 381.6943 381.7307 381.7462 381.7567 381.7719
381.871 381.8525 381.8741 381.8806 381.8695 381.8336 381.7759 381.697 381.5862 381.5018 381.3921 381.3299 381.2804 381.2248 381.1677 381.1482 381.075 381.0247 380.9532 380.8863 380.8508 380.8033 380.7581 380.6826 380.6281 380.5152 380.3589 380.1914 380.0583 379.957 379.8738 379.7828 379.7562 379.7937 379.9049 379.9732 380.0205 380.0222 380.0553 380.0623 380.0226 380.0425 380.0327 380.0318 380.0598 380.1228 380.1819 380.2584 380.3561 380.4513 380.5858 380.7215 380.8699 381.0131 381.1311 381.2679 381.4762 381.6191 381.7074 381.8056 381.8596 381.9129 381.9417
381.7539 381.7552 381.7726 381.7697 381.7612 381.7697 381.7064 381.6399 381.5303 381.4619 381.3715 381.3204 381.2544 381.2074 381.1552 381.1203 381.0668 381.0202 380.9766 380.9226 380.8697 380.8498 380.8177 380.8004 380.7401 380.6326 380.5186 380.3908 380.2462 380.1412 380.0359 379.8658 379.7176 379.6717 379.6991 379.7898 379.8947 379.9502 379.9747 379.981 379.9711 379.9803 379.9691 379.9608 380.0135 380.0554 380.0803 380.1292 380.2288 380.3213 380.4418 380.5722 380.7508 380.8894 381.0111 381.1163 381.3723 381.5245 381.6721 381.8249 381.9235 382.0203 382.0503
381.6599 381.6689 381.6691 381.6612 381.6909 381.6867 381.6345 381.5948 381.5093 381.4351 381.3481 381.3066 381.2617 381.2355 381.1766 381.1367 381.0766 381.048 381.0137 380.9699 380.8873 380.9054 380.8433 380.8389 380.7903 380.6975 380.602 380.5657 380.4891 380.379 380.2379 380.076 379.8565 379.6557 379.575 379.6035 379.7532 379.8588 379.9061 379.9349 379.9335 379.9395 379.9171 379.9194 379.9329 379.9625 379.9807 380.0454 380.1079 380.1902 380.3351 380.4452 380.6164 380.7417 380.8867 381.042 381.2701 381.4678 381.6028 381.7751 381.9193 382.0459 382.0952
381.5585 381.5659 381.5806 381.564 381.6325 381.636 381.5986 381.5578 381.4978 381.4458 381.3638 381.3214 381.2855 381.2394 381.2071 381.1823 381.1052 381.0763 381.0461 380.9942 380.963 380.9435 380.9094 380.887 380.8405 380.7469 380.6749 380.6071 380.581 380.5161 380.3362 380.1794 380.0287 379.7695 379.545 379.4744 379.5768 379.7143 379.8466 379.8875 379.8855 379.8541 379.8567 379.8666 379.9117 379.8686 379.8949 379.9428 380.0179 380.1167 380.2212 380.3159 380.4638 380.6058 380.7571 380.9127 381.1245 381.3279 381.4977 381.6874 381.8468 382.0222 382.0821
381.476 381.4776 381.5011 381.5138 381.5553 381.572 381.5557 381.5367 381.4905 381.4643 381.3973 381.3597 381.3278 381.2832 381.2375 381.174 381.1799 381.115 381.0848 381.0211 380.9755 380.9177 380.9105 380.9123 380.8965 380.8074 380.679 380.6384 380.5985 380.5312 380.3913 380.2143 380.0298 379.8697 379.6371 379.421 379.4119 379.5548 379.7549 379.8415 379.8441 379.8209 379.8187 379.8138 379.8317 379.8226 379.8076 379.8651 379.9209 380.01 380.1301 380.2356 380.364 380.4818 380.6245 380.7478 380.9688 381.1706 381.3705 381.5719 381.7471 381.9301 381.9985
381.3986 381.4039 381.4237 381.4785 381.5176 381.5288 381.5591 381.5415 381.4971 381.4992 381.4579 381.4033 381.368 381.3229 381.3122 381.2115 381.2191 381.1645 381.1263 381.0652 381.0295 380.9929 380.9496 380.9285 380.8956 380.808 380.7117 380.692 380.632 380.5137 380.3455 380.2087 380.0269 379.8887 379.6947 379.4685 379.3359 379.3854 379.5981 379.7686 379.7774 379.776 379.7565 379.7826 379.773 379.7731 379.7477 379.8136 379.8585 379.9063 380.0285 380.1218 380.2571 380.3717 380.4867 380.5982 380.822 381.0231 381.2312 381.4179 381.6011 381.7578 381.8341
381.3295 381.3435 381.3663 381.4325 381.4821 381.5028 381.541 381.5442 381.5501 381.5125 381.4969 381.4604 381.4268 381.3894 381.3608 381.2659 381.2665 381.2163 381.1584 381.1123 381.0332 381.0306 380.9852 380.9402 380.8855 380.7856 380.6823 380.6444 380.6099 380.4718 380.2924 380.1599 380.0107 379.8683 379.7104 379.5329 379.3366 379.2759 379.4269 379.6268 379.7175 379.7337 379.7302 379.7453 379.7403 379.7168 379.6772 379.7249 379.7758 379.8128 379.9254 380.0055 380.1355 380.2416 380.3492 380.4677 380.6913 380.8532 381.0378 381.2194 381.3942 381.5348 381.6155
381.2383 381.2659 381.3094 381.3837 381.4571 381.5094 381.5539 381.5674 381.5874 381.558 381.548 381.5302 381.5204 381.485 381.4087 381.3474 381.3094 381.2668 381.1994 381.1476 381.0504 381.0381 380.9637 380.9128 380.8577 380.7441 380.6089 380.5498 380.5209 380.4009 380.2312 380.0898 379.954 379.8181 379.683 379.5573 379.3836 379.2295 379.283 379.4706 379.6333 379.6731 379.7101 379.7062 379.697 379.6467 379.6078 379.6388 379.688 379.735 379.8279 379.9144 380.0274 380.1099 380.2128 380.3331 380.5368 380.6567 380.8083 380.9749 381.1191 381.2433 381.3274
381.1415 381.189 381.2557 381.3355 381.4301 381.5231 381.595 381.6327 381.6461 381.6523 381.6356 381.6371 381.6342 381.571 381.4758 381.4359 381.3562 381.3048 381.2377 381.1625 381.0825 381.0364 380.9236 380.8597 380.7961 380.6857 380.5145 380.4299 380.3811 380.2838 380.1324 380.0068 379.8673 379.7445 379.629 379.5388 379.4514 379.2649 379.2035 379.349 379.526 379.606 379.6613 379.68 379.642 379.5795 379.5717 379.6042 379.6267 379.6698 379.7353 379.8325 379.9333 379.9982 380.0645 380.1717 380.3206 380.4504 380.5838 380.6942 380.7993 380.8723 380.9529
381.0562 381.125 381.2102 381.3098 381.4131 381.5356 381.647 381.7137 381.7451 381.7686 381.7534 381.7698 381.7361 381.6392 381.5689 381.5171 381.4258 381.3351 381.2578 381.1631 381.0907 381.019 380.9055 380.8104 380.7051 380.6097 380.4063 380.2744 380.2211 380.1294 380.0002 379.8975 379.784 379.6641 379.5754 379.5124 379.5126 379.4011 379.2127 379.2454 379.4414 379.5777 379.6198 379.6643 379.6348 379.5615 379.5688 379.5712 379.567 379.606 379.6495 379.7093 379.7768 379.8469 379.8838 379.9911 380.0881 380.2038 380.3047 380.4101 380.5175 380.5876 380.6198
380.9747 381.0598 381.1675 381.3164 381.4363 381.5718 381.704 381.7545 381.8293 381.8618 381.8642 381.8655 381.8092 381.741 381.6812 381.6035 381.514 381.3889 381.2748 381.1689 381.0845 380.954 380.8225 380.7392 380.6197 380.4979 380.3083 380.164 380.0906 380.0278 379.9113 379.7569 379.6804 379.5857 379.5242 379.488 379.4865 379.4333 379.2919 379.1375 379.2246 379.4478 379.6202 379.6696 379.6225 379.5579 379.5655 379.562 379.5637 379.5962 379.6036 379.6175 379.6631 379.6956 379.7493 379.7886 379.8854 379.9764 380.0398 380.0918 380.1569 380.2188 380.2371
380.8663 380.9727 381.1098 381.2615 381.4673 381.6366 381.747 381.8062 381.8969 381.925 381.9186 381.9468 381.9049 381.8448 381.7506 381.6237 381.5415 381.4203 381.2918 381.1511 381.0209 380.909 380.7249 380.6337 380.5349 380.3778 380.1586 380.0542 379.9981 379.9231 379.8271 379.6963 379.5934 379.532 379.4902 379.4773 379.46 379.4991 379.4095 379.1671 379.2245 379.4027 379.5435 379.638 379.6112 379.5524 379.5272 379.4953 379.4998 379.5293 379.5117 379.5285 379.5756 379.5845 379.5626 379.6426 379.6949 379.7649 379.7973 379.8265 379.8827 379.9033 379.9008
380.7729 380.9157 381.0686 381.2957 381.4732 381.645 381.8036 381.9009 381.9552 381.9896 381.9925 381.9785 381.9364 381.8659 381.7721 381.6563 381.5383 381.4236 381.2321 381.0704 380.9275 380.7635 380.6064 380.5164 380.405 380.2483 380.0681 379.9381 379.8558 379.7861 379.7068 379.5992 379.5302 379.4632 379.4567 379.4529 379.4401 379.5011 379.3624 379.1323 379.1814 379.3578 379.5291 379.6301 379.6548 379.5846 379.5574 379.5138 379.4863 379.5025 379.4533 379.4215 379.4745 379.4455 379.4165 379.4565 379.4929 379.5253 379.5365 379.5522 379.6156 379.627 379.612
380.6925 380.8608 381.0429 381.2533 381.4519 381.6399 381.7897 381.9082 381.9883 382.0121 382.0223 382.0009 381.938 381.8543 381.759 381.6345 381.5171 381.3699 381.1826 380.9986 380.8405 380.644 380.5002 380.4019 380.2696 380.1145 379.9238 379.8251 379.7391 379.6764 379.6045 379.522 379.4632 379.4038 379.4174 379.4228 379.4081 379.4343 379.2565 379.07 379.1311 379.3322 379.5331 379.6071 379.6437 379.6002 379.5739 379.5148 379.4551 379.4574 379.4135 379.3658 379.381 379.3166 379.2881 379.2968 379.3044 379.3011 379.2876 379.2925 379.3408 379.3396 379.3344
380.5621 380.7689 380.9452 381.1674 381.4035 381.6132 381.7689 381.9032 381.9674 381.9725 381.9893 381.9691 381.8884 381.8061 381.7094 381.5656 381.4655 381.2986 381.1199 380.927 380.7335 380.5237 380.3958 380.2769 380.1378 379.9791 379.8049 379.695 379.6312 379.5951 379.5051 379.4408 379.3933 379.3488 379.3612 379.3811 379.3579 379.3123 379.1399 379.0178 379.1201 379.3392 379.5386 379.5975 379.6157 379.6032 379.5806 379.5165 379.4375 379.4249 379.391 379.3401 379.294 379.2091 379.1646 379.1423 379.1306 379.1074 379.0636 379.0611 379.0775 379.0576 379.065
380.4032 380.6484 380.8191 381.0483 381.308 381.5362 381.7101 381.8318 381.8674 381.8712 381.9132 381.8625 381.7838 381.7228 381.6161 381.4603 381.3665 381.1891 381.0013 380.8119 380.607 380.398 380.2771 380.1528 380.0072 379.8489 379.7218 379.5684 379.5202 379.501 379.4086 379.3563 379.3233 379.2928 379.2977 379.3315 379.3038 379.1787 379.0403 378.9962 379.1631 379.3774 379.5643 379.6306 379.639 379.632 379.6138 379.559 379.4638 379.4429 379.392 379.3138 379.2269 379.1268 379.0546 378.9667 378.9637 378.9279 378.8591 378.8561 378.858 378.8343 378.83
380.2273 380.5104 380.6902 380.9105 381.1767 381.4075 381.5866 381.6852 381.7033 381.7193 381.7747 381.6976 381.6381 381.5963 381.4844 381.345 381.2295 381.0416 380.8309 380.6482 380.4723 380.2653 380.1366 380.0293 379.8747 379.7362 379.6162 379.4704 379.4147 379.3784 379.3304 379.2875 379.2571 379.2453 379.2528 379.2866 379.252 379.0748 378.9694 379.0032 379.2312 379.4308 379.6217 379.6837 379.7061 379.7064 379.6763 379.6136 379.4982 379.4837 379.4185 379.3267 379.2295 379.0975 378.9695 378.85 378.8137 378.7522 378.674 378.6852 378.6978 378.6668 378.643
380.0449 380.3489 380.5303 380.7681 381.0319 381.2421 381.408 381.5143 381.5093 381.5243 381.5383 381.5074 381.4667 381.411 381.325 381.2414 381.0888 380.9071 380.6732 380.4984 380.327 380.1096 379.9816 379.8717 379.7429 379.6474 379.4534 379.3754 379.3315 379.295 379.265 379.2157 379.2101 379.2291 379.2391 379.2484 379.1499 378.9722 378.8855 379.0185 379.2594 379.4814 379.6155 379.6804 379.7092 379.759 379.727 379.6534 379.5978 379.5445 379.4815 379.3861 379.2688 379.1046 378.931 378.7734 378.6392 378.5638 378.4878 378.4972 378.4837 378.4865 378.4793
379.9034 380.148 380.3056 380.609 380.8414 381.0166 381.1869 381.282 381.2703 381.2829 381.2901 381.285 381.2577 381.1773 381.0945 381.0647 380.9211 380.7278 380.5496 380.3885 380.1666 380.0068 379.8483 379.7415 379.5959 379.5023 379.3698 379.3014 379.265 379.2247 379.1935 379.1497 379.1797 379.1942 379.2055 379.1526 378.9766 378.7908 378.8548 379.0687 379.3306 379.5116 379.641 379.6855 379.7418 379.7735 379.7845 379.7449 379.7101 379.606 379.4966 379.3914 379.2678 379.0862 378.8952 378.7496 378.5707 378.4469 378.38 378.3747 378.3664 378.3633 378.3349
379.7651 380.0146 380.1772 380.4048 380.6068 380.7955 380.9427 381.0044 381.0313 381.0635 381.049 381.032 381.0338 380.9756 380.9153 380.8411 380.7139 380.5512 380.3586 380.1931 380.024 379.8442 379.7328 379.6258 379.5012 379.4138 379.2856 379.2127 379.1918 379.1699 379.1107 379.0808 379.1482 379.1357 379.1128 378.9976 378.7953 378.7727 378.9198 379.1558 379.3867 379.5578 379.6544 379.7047 379.7506 379.7711 379.8101 379.7931 379.7716 379.6798 379.5319 379.3951 379.2444 379.0722 378.8717 378.6988 378.5216 378.3568 378.2553 378.2401 378.2434 378.2404 378.2043
379.6509 379.8746 380.0207 380.2039 380.3713 380.5325 380.6766 380.7425 380.7753 380.7921 380.8168 380.7915 380.8147 380.7881 380.7466 380.665 380.5257 380.3762 380.1946 380.027 379.8505 379.7194 379.6148 379.5195 379.3978 379.2928 379.1901 379.1176 379.1033 379.0819 379.0415 379.0564 379.0947 379.0831 379.0107 378.8453 378.7079 378.7837 379.0163 379.2469 379.4075 379.5898 379.6745 379.6835 379.7405 379.8062 379.8432 379.8163 379.7711 379.6914 379.5291 379.3796 379.2059 379.0275 378.8329 378.6266 378.448 378.2648 378.1343 378.1227 378.1381 378.1028 378.0916
379.5007 379.6866 379.8116 380.0021 380.1512 380.2957 380.427 380.4937 380.5403 380.5618 380.5698 380.5735 380.606 380.5639 380.5139 380.4653 380.336 380.2061 380.0452 379.8749 379.7045 379.5959 379.5008 379.4137 379.2947 379.1976 379.1087 379.0351 379.0409 379.016 378.9954 379.0332 379.0352 379.0205 378.9014 378.7391 378.6846 378.8287 379.0847 379.3058 379.4449 379.5912 379.6689 379.6903 379.7276 379.8208 379.8496 379.8125 379.7381 379.6521 379.4954 379.3386 379.1623 378.9555 378.7615 378.5432 378.3618 378.1813 378.0406 378.0261 378.0452 377.9885 377.9862
379.3685 379.5145 379.6153 379.8132 379.9367 380.0741 380.1919 380.2556 380.3185 380.3528 380.3593 380.3623 380.3806 380.337 380.2849 380.2421 380.1381 380.0186 379.8694 379.7236 379.5847 379.4729 379.3947 379.3186 379.2179 379.1305 379.0393 378.9717 378.9889 378.9779 378.9666 378.9839 378.9875 378.9565 378.7876 378.6658 378.7003 378.923 379.1396 379.3309 379.4823 379.575 379.6293 379.7096 379.7214 379.7979 379.8199 379.7773 379.6914 379.6048 379.4526 379.2855 379.1052 378.8618 378.6582 378.4542 378.2807 378.1176 377.9722 377.9412 377.9508 377.916 377.882
379.2742 379.3863 379.4602 379.6288 379.7332 379.8592 379.9742 380.0397 380.0996 380.1494 380.1735 380.1587 380.1633 380.1334 380.0995 380.0421 379.9482 379.8317 379.6982 379.5899 379.4722 379.3539 379.2881 379.2303 379.1567 379.0558 378.9655 378.9247 378.926 378.948 378.9479 378.9324 378.942 378.8768 378.6796 378.6079 378.7511 379.0262 379.2099 379.35 379.4668 379.555 379.5803 379.6582 379.7177 379.7811 379.7819 379.7174 379.6262 379.5633 379.3973 379.2326 379.0078 378.7415 378.5388 378.3586 378.1942 378.0558 377.9087 377.8763 377.8683 377.8334 377.7938
379.1963 379.2811 379.3277 379.4535 379.561 379.6724 379.7928 379.8567 379.8962 379.9604 379.9684 379.9745 379.9936 379.9504 379.9301 379.8945 379.7876 379.6937 379.6011 379.4914 379.362 379.2318 379.1724 379.1288 379.0645 378.9583 378.8862 378.8888 378.8795 378.9259 378.9379 378.9329 378.8528 378.7063 378.5959 378.613 378.8237 379.04 379.2342 379.39 379.4408 379.4899 379.5342 379.5818 379.696 379.7505 379.7117 379.6561 379.5608 379.4734 379.3037 379.1282 378.8756 378.655 378.4131 378.2461 378.105 377.9915 377.8734 377.8182 377.7695 377.75 377.7092
