SOC_LEM/input/willis_Fix_SOCI.txt
ncols         259
nrows         247
xllcorner     463439
yllcorner     4756390
cellsize      3
NODATA_value  -9999
[rows 119 to 135 of 247, columns 0 to 36 of 259]
-9.999000000000000000e+03 4.142493825803862606e+00 3.923835500645193264e+00 3.713052075581353861e+00 3.692158272644970651e+00 3.626882925393157819e+00 3.499219119373707443e+00 3.330373743306772383e+00 3.189880783860161273e+00 3.075843832180673587e+00 2.892811472245060855e+00 2.716560674004782072e+00 2.589159750546359717e+00 2.510505662373907043e+00 2.631804700647329298e+00 2.880885543377120328e+00 3.149275908113787992e+00 3.454370083462324104e+00 3.685532139864434953e+00 3.781316902435378324e+00 3.809292334349587250e+00 3.929375070469994569e+00 4.137043882209725965e+00 4.255198351749870156e+00 4.333270912874835901e+00 4.491545033083225391e+00 4.601356548371873245e+00 4.692909204916496435e+00 4.839155857339967781e+00 4.982514842938414290e+00 5.111384478161204115e+00 5.252668354213119173e+00 5.491559650172714413e+00 5.837249991203234956e+00 6.132667044251299160e+00 6.443285767406562670e+00 6.669849145651241429e+00
-9.999000000000000000e+03 4.303009040780034766e+00 4.142463047974672463e+00 3.961988977085811214e+00 3.881373175434239542e+00 3.774829087370557446e+00 3.662759763074875607e+00 3.489906752748202834e+00 3.322966454901028044e+00 3.187058987870262428e+00 2.990264679147221827e+00 2.803833347790826380e+00 2.649320843141424575e+00 2.581220576563715952e+00 2.696934056256059975e+00 2.852783097981030025e+00 3.072622959185158820e+00 3.367303281757964228e+00 3.570042924602770285e+00 3.704631180632405929e+00 3.759424907077212552e+00 3.831251015487548983e+00 4.017822568889780399e+00 4.172667692857805477e+00 4.276090891192040999e+00 4.401223104763937854e+00 4.457086805523838180e+00 4.484862030303158775e+00 4.552100329143909718e+00 4.652580543414428504e+00 4.773837279136497358e+00 4.904730230539181335e+00 5.158447230802513772e+00 5.549021785917886973e+00 5.924713015487025558e+00 6.288083878881897348e+00 6.479002263286936625e+00
-9.999000000000000000e+03 4.393743780292862056e+00 4.244146895066913672e+00 4.093576358954530647e+00 3.996335970931577108e+00 3.899022567053807009e+00 3.801900247423553481e+00 3.665778633920590224e+00 3.502720687290166168e+00 3.329702816126189902e+00 3.114475154391874057e+00 2.913936794429877963e+00 2.726970232514936754e+00 2.652096529192579766e+00 2.736291270525937236e+00 2.833643602783542548e+00 2.996795390493323552e+00 3.215328985160901709e+00 3.387966609707520504e+00 3.589915954416241561e+00 3.753236802207885248e+00 3.840583322944656430e+00 3.963830336828527479e+00 4.095015112799339718e+00 4.183172638033738622e+00 4.241556018353307422e+00 4.277307139640617706e+00 4.285335810766717657e+00 4.285939879449816914e+00 4.334971087467190287e+00 4.472920611734947371e+00 4.672709158825952613e+00 4.945313206048584931e+00 5.282127285910327430e+00 5.656881673129937838e+00 6.026483776038210394e+00 6.269153689487383829e+00
-9.999000000000000000e+03 4.572561874466499532e+00 4.378935751108381069e+00 4.216894383463419160e+00 4.105758261090954875e+00 3.992560146964223122e+00 3.862784630383959694e+00 3.749816087135016573e+00 3.610290689629715999e+00 3.424241327008971325e+00 3.218188448909030441e+00 3.016725764794053077e+00 2.847538140990025113e+00 2.786718578883212061e+00 2.817287648652387233e+00 2.847181628243081519e+00 2.918593073006604754e+00 3.059238517966324622e+00 3.240941556594576056e+00 3.462183564376159595e+00 3.669416299365177991e+00 3.807687292669504231e+00 3.898274962575175806e+00 3.984277845125538065e+00 4.058760798569348793e+00 4.121433569471733449e+00 4.147593368026139871e+00 4.126727261981272932e+00 4.102986782562004109e+00 4.130636702316778042e+00 4.245597092892868574e+00 4.453359061473186387e+00 4.745427991912441357e+00 5.066486569305887144e+00 5.422650622824562561e+00 5.819554400174652642e+00 6.165217272338344046e+00
-9.999000000000000000e+03 4.774709901719198513e+00 4.550768879251354093e+00 4.366329876015038636e+00 4.210881427102409091e+00 4.060445670253232109e+00 3.914095403923553818e+00 3.808754379234891019e+00 3.696946283043242687e+00 3.512923456411691348e+00 3.315699547768943489e+00 3.126957793238450023e+00 2.954773652492292513e+00 2.909512191659972657e+00 2.926791114527929949e+00 2.907895358856277923e+00 2.909296591450262426e+00 2.995555668640859537e+00 3.179355426616030655e+00 3.391838950360851257e+00 3.586392010650008899e+00 3.738235387974967239e+00 3.833651349548686582e+00 3.896508961673173843e+00 3.972490003246123891e+00 4.077203557058291850e+00 4.097995744510052774e+00 4.039252135022749712e+00 4.019776116200297622e+00 4.029553761675371604e+00 4.074643883492228724e+00 4.248865099890334562e+00 4.580963056564808511e+00 4.939234635434225140e+00 5.264092348668695465e+00 5.602892938417385338e+00 5.970322186654275498e+00
-9.999000000000000000e+03 4.996641055974706092e+00 4.771170253453519194e+00 4.544782387637347654e+00 4.311299664950910326e+00 4.143544305064022382e+00 4.003831232128549189e+00 3.886799024160577432e+00 3.779623694553171376e+00 3.602464994682950561e+00 3.424374635454659810e+00 3.249894248827503773e+00 3.089338038853446378e+00 3.059850977921064086e+00 3.061187120767517200e+00 3.016762924514148736e+00 2.975808318883057524e+00 2.991989461154993535e+00 3.156145215891910993e+00 3.408174782538477388e+00 3.601125669076422398e+00 3.729595175455356681e+00 3.828642901906658125e+00 3.884046076083876642e+00 3.911919560975730903e+00 3.983628161447027693e+00 4.014237363314753892e+00 3.966249912705135827e+00 3.936843528993142272e+00 3.936392192467330631e+00 3.976080391800467240e+00 4.139138797466747732e+00 4.454169643548446800e+00 4.811133684330766158e+00 5.113444764189861047e+00 5.391274277506910906e+00 5.756641556391054237e+00
-9.999000000000000000e+03 5.187287208324979915e+00 4.965312478170920585e+00 4.712526902723372046e+00 4.434257918427400469e+00 4.242895198947813640e+00 4.109641500668701042e+00 3.975095563845087554e+00 3.829988549787085361e+00 3.668818095063805629e+00 3.507143314944705992e+00 3.342925784951949808e+00 3.227116669825154105e+00 3.205963171949232304e+00 3.176630288697543492e+00 3.113695236045826320e+00 3.069417402047589505e+00 3.078935874896986391e+00 3.209583214745668656e+00 3.452373648231363390e+00 3.648855620145514678e+00 3.743322376116267947e+00 3.794407525745210563e+00 3.831636871572657199e+00 3.831651478093723640e+00 3.832323772742395107e+00 3.850622821902449644e+00 3.849381419802572424e+00 3.821304155531382918e+00 3.827909138043654735e+00 3.918614999092351781e+00 4.089460783236937402e+00 4.311923301496245031e+00 4.584523329730494368e+00 4.903630645781143826e+00 5.214462405782777310e+00 5.603081939232149367e+00
-9.999000000000000000e+03 5.317769236077969808e+00 5.069489867922618132e+00 4.778941997250806040e+00 4.532382112263274365e+00 4.372553675529442074e+00 4.240460966809695975e+00 4.094844442308476218e+00 3.935100082680163425e+00 3.754532801748565518e+00 3.548565828090357144e+00 3.401036556155121460e+00 3.329653308323351268e+00 3.300744719557512141e+00 3.253160614641199544e+00 3.192401869623120447e+00 3.167388147291568146e+00 3.206137866401638448e+00 3.301693153356355381e+00 3.468622368671947953e+00 3.645698339089920026e+00 3.732680789259054777e+00 3.743929185265182369e+00 3.761729135186495654e+00 3.792886316466280050e+00 3.788255448993485430e+00 3.762291354829878642e+00 3.736412065708179853e+00 3.709582879982889381e+00 3.716828515386708887e+00 3.808957575808127771e+00 3.979559217363089374e+00 4.149519411763987975e+00 4.372828330649914719e+00 4.709564454723308202e+00 5.043764391369494504e+00 5.413396565475682820e+00
-9.999000000000000000e+03 5.379448026774728220e+00 5.176204259288111231e+00 4.873316133252101778e+00 4.684697640104268146e+00 4.592804423824713211e+00 4.452473479931809308e+00 4.284271336152476906e+00 4.120201529134940088e+00 3.908311100355604140e+00 3.650333258743049925e+00 3.491550802508266216e+00 3.432634942544879664e+00 3.388574909126031542e+00 3.329994182832113125e+00 3.279659610357001043e+00 3.252540564266210410e+00 3.276341625528216284e+00 3.365580659699975996e+00 3.507503970992315701e+00 3.643707157872261959e+00 3.734946986588951745e+00 3.769459860677709884e+00 3.785260603508193711e+00 3.815886078684739502e+00 3.788863226495816861e+00 3.710712068924738816e+00 3.671927802844686894e+00 3.656332657300463751e+00 3.647727410259676617e+00 3.687006511487506799e+00 3.835021128039921123e+00 4.020164402719222707e+00 4.243559074117960961e+00 4.537717947811399810e+00 4.833320391165505825e+00 5.163133453869132694e+00
-9.999000000000000000e+03 5.175303808107141634e+00 5.077463463839407609e+00 4.898150384779386357e+00 4.844571258416538129e+00 4.826972292853801250e+00 4.718857283811178860e+00 4.568074592039067738e+00 4.380738453422676315e+00 4.159189088745298690e+00 3.882136652762968154e+00 3.645298840863613776e+00 3.538710582101407098e+00 3.491503026743192351e+00 3.439296619459765836e+00 3.401842795972262579e+00 3.380345122782863143e+00 3.368519332927494503e+00 3.412428013347293287e+00 3.527687612775910253e+00 3.638111350970685720e+00 3.745190667466340884e+00 3.850815295042705699e+00 3.909092235362845003e+00 3.920106523013838995e+00 3.843548568201537563e+00 3.726528812439870109e+00 3.687369584097254460e+00 3.669342953213297065e+00 3.643293530401928493e+00 3.636021910795031786e+00 3.724408922855451110e+00 3.922185760690215517e+00 4.136036285894070019e+00 4.357295324840016804e+00 4.623141504347811903e+00 4.971585672642554243e+00
-9.999000000000000000e+03 4.707422591359291530e+00 4.672838484966215233e+00 4.671722165770955115e+00 4.813146001749183611e+00 4.923144861234254321e+00 4.917969859497347329e+00 4.836119136177416067e+00 4.661642680141754980e+00 4.444635566025715079e+00 4.171143168825802050e+00 3.870861340284395880e+00 3.680040981571963243e+00 3.611877777851349336e+00 3.577475740243952984e+00 3.545134059602586873e+00 3.522498995059434534e+00 3.473812038251015366e+00 3.438695621674551006e+00 3.496074422366186596e+00 3.616809692784793029e+00 3.758564388761225672e+00 3.939384253051889218e+00 4.047475133411399639e+00 4.028113363751069542e+00 3.961396921782874614e+00 3.838308853876236881e+00 3.751241690052399491e+00 3.720977219165567007e+00 3.691843816732443884e+00 3.655912444703893982e+00 3.685982168004816373e+00 3.840130847157915639e+00 4.021256834449715711e+00 4.211714262110792362e+00 4.494539472027456739e+00 4.890622357977344237e+00
-9.999000000000000000e+03 4.235564864352230785e+00 4.246602486608111349e+00 4.372997242465320511e+00 4.614598642299823084e+00 4.821024522335232376e+00 4.970719210787397202e+00 5.030529174968840778e+00 4.953671841418177735e+00 4.767273956329013629e+00 4.481213991935828034e+00 4.153505283301161199e+00 3.890413515321720084e+00 3.758494753102983310e+00 3.717251165819526193e+00 3.683388912738237764e+00 3.631144608867451495e+00 3.560557602117757625e+00 3.492717020888205681e+00 3.505519153303058744e+00 3.627529706755238337e+00 3.780061315872337957e+00 3.943754422576349228e+00 4.003213464912223074e+00 3.974129490609483284e+00 4.000960949716397153e+00 3.926219305823710926e+00 3.821589175010100092e+00 3.790313445012529314e+00 3.735805518091147803e+00 3.704459831958807570e+00 3.717554533706518782e+00 3.798337389651623042e+00 3.942783900455030022e+00 4.122821747916203705e+00 4.409336077739995474e+00 4.786043875086990695e+00
-9.999000000000000000e+03 3.899723988741282454e+00 3.887983455090742169e+00 4.057191568770257106e+00 4.361507531385337089e+00 4.648388000701423550e+00 4.959187812569716414e+00 5.207164283033232977e+00 5.246743212232223286e+00 5.090458251480399099e+00 4.796223555659377524e+00 4.466626215355873342e+00 4.179623413068867421e+00 3.989773237204989442e+00 3.917764608872232657e+00 3.864165110052907082e+00 3.759487136588036904e+00 3.652337433783355181e+00 3.592432732025043762e+00 3.579075095355635838e+00 3.639800050732466374e+00 3.738679584294308356e+00 3.797210383566037351e+00 3.782852117966548633e+00 3.777558075010150063e+00 3.858978215126187550e+00 3.878481883722253443e+00 3.840163792755427963e+00 3.799379944911233764e+00 3.743091601917432953e+00 3.747927174525301552e+00 3.754894057361200410e+00 3.797133067649067328e+00 3.920675286525035830e+00 4.062831466687571336e+00 4.300971720669036102e+00 4.638080956486506423e+00
-9.999000000000000000e+03 3.827467986419796020e+00 3.779080550127771332e+00 3.894145649611147064e+00 4.198170743201156796e+00 4.521001268104773985e+00 4.847848670463248411e+00 5.182942886388627102e+00 5.342472541874084158e+00 5.266590448209379716e+00 5.057759962490017358e+00 4.782309479115705031e+00 4.488546567566809031e+00 4.274195377518514860e+00 4.171847527113341059e+00 4.080706034957588102e+00 3.936726655408451236e+00 3.787108835465119228e+00 3.700451097699128056e+00 3.653970434620095631e+00 3.645218001385908124e+00 3.648551967457539291e+00 3.632809184896856891e+00 3.622849071458324133e+00 3.611518434034273639e+00 3.654387993127345524e+00 3.746006154626694951e+00 3.779708817811838983e+00 3.724067173775548412e+00 3.685596330614346883e+00 3.729977327521945440e+00 3.750540559146973152e+00 3.799616560249122088e+00 3.905174501387843833e+00 4.011362380392233362e+00 4.200375638213740714e+00 4.490943694960707333e+00
-9.999000000000000000e+03 4.112381341930966272e+00 4.041170739585124849e+00 4.024447675019860782e+00 4.171987527970907550e+00 4.380534000613316437e+00 4.583886012083324246e+00 4.892053058369512542e+00 5.127425985408077480e+00 5.189228894917551571e+00 5.136876678816179265e+00 4.974596151865478433e+00 4.742844393165242423e+00 4.550098367246368625e+00 4.420281650959918096e+00 4.254109728484625208e+00 4.074488418583902316e+00 3.922687835637182374e+00 3.804630441433049626e+00 3.718297114534435011e+00 3.670798091475123925e+00 3.609466778137246479e+00 3.517574017827532984e+00 3.473035489035133594e+00 3.484661291374246517e+00 3.539194149285686208e+00 3.638431650043131071e+00 3.683430704066235961e+00 3.635125472767080979e+00 3.642692545625831002e+00 3.712117556345910785e+00 3.719424153591800675e+00 3.776670057990099139e+00 3.844191634493089538e+00 3.924882626363260130e+00 4.103936673789565504e+00 4.351274885951101012e+00
-9.999000000000000000e+03 4.586560120211952807e+00 4.497896579651758486e+00 4.402727273373502115e+00 4.331710172513140833e+00 4.310755114892673490e+00 4.346888821681476500e+00 4.526084616183334575e+00 4.773415414381842581e+00 4.989632720662712018e+00 5.110828251778611886e+00 5.083306702110249375e+00 4.942181233752904745e+00 4.801029773872341977e+00 4.658122725219572047e+00 4.447442215298529788e+00 4.228073589598995596e+00 4.065600509950453301e+00 3.929758025480099448e+00 3.799259105832582861e+00 3.693276330197955204e+00 3.582874235357152770e+00 3.456041227892432843e+00 3.390235458338503705e+00 3.437948026767115195e+00 3.522768277159496364e+00 3.565375693473932017e+00 3.550643541677288795e+00 3.502617462365115841e+00 3.574225041479540010e+00 3.681085572519872784e+00 3.691933981892306704e+00 3.755915757888388384e+00 3.778805470624094554e+00 3.828511203323500922e+00 4.013101806765664747e+00 4.218783983103261193e+00
-9.999000000000000000e+03 4.894892327768129547e+00 4.898289954521958478e+00 4.865041613232904183e+00 4.618729404221799228e+00 4.412862386968908979e+00 4.290730470994795098e+00 4.304089056247365264e+00 4.466223714655273014e+00 4.704458531753463291e+00 4.958065578455359557e+00 5.105066079724300820e+00 5.098745458794207153e+00 5.023161112578826248e+00 4.877425604386493418e+00 4.636708031849554601e+00 4.387388970561071133e+00 4.200375454438841416e+00 4.058993502426208266e+00 3.916811367239292352e+00 3.765035879454428525e+00 3.587577139584769981e+00 3.452881738172477455e+00 3.434166045123340893e+00 3.487142141528458694e+00 3.512704047528375284e+00 3.491430214183925074e+00 3.425502047217776180e+00 3.365331109337015292e+00 3.427829511940565510e+00 3.556454794970759892e+00 3.623747548596647050e+00 3.656584437514959873e+00 3.644348836352829579e+00 3.704568226816821408e+00 3.894145109176061936e+00 4.103596475389830189e+00
